<?xml version="1.0" standalone="no"?>
<!DOCTYPE svg PUBLIC "-//W3C//DTD SVG 20010904//EN"
 "http://www.w3.org/TR/2001/REC-SVG-20010904/DTD/svg10.dtd">
<svg version="1.0" xmlns="http://www.w3.org/2000/svg"
 width="879.000000pt" height="635.000000pt" viewBox="0 0 879.000000 635.000000"
 preserveAspectRatio="xMidYMid meet">

<g transform="translate(0.000000,635.000000) scale(0.100000,-0.100000)"
fill="#000000" stroke="none">
<path d="M2862 5825 c-7 -8 -26 -15 -43 -15 -17 0 -37 -7 -45 -15 -9 -8 -26
-15 -40 -15 -14 0 -27 -7 -30 -15 -4 -8 -18 -15 -34 -15 -15 0 -30 -6 -33 -13
-2 -7 -17 -13 -33 -15 -15 -1 -30 -6 -33 -11 -3 -4 -23 -11 -43 -15 -21 -4
-38 -11 -38 -16 0 -6 -11 -10 -25 -10 -14 0 -28 -7 -31 -15 -4 -8 -18 -15 -34
-15 -16 0 -35 -7 -44 -15 -8 -8 -26 -15 -41 -15 -14 0 -28 -7 -31 -15 -4 -10
-20 -15 -45 -15 -28 0 -39 -4 -39 -15 0 -10 -10 -15 -30 -15 -20 0 -30 -5 -30
-15 0 -11 -11 -15 -40 -15 -27 0 -43 -5 -46 -15 -4 -9 -19 -15 -35 -15 -19 0
-29 -5 -29 -15 0 -11 -11 -15 -35 -15 -22 0 -38 -6 -41 -15 -4 -8 -18 -15 -34
-15 -16 0 -30 -7 -34 -15 -3 -10 -19 -15 -46 -15 -29 0 -40 -4 -40 -15 0 -10
-10 -15 -30 -15 -16 0 -30 -4 -30 -9 0 -5 -13 -12 -30 -16 -16 -4 -30 -11 -30
-15 0 -5 -17 -12 -37 -16 -21 -4 -41 -12 -45 -17 -3 -6 -19 -12 -35 -15 -15
-2 -30 -7 -33 -11 -3 -5 -22 -11 -42 -15 -21 -4 -38 -11 -38 -16 0 -6 -11 -10
-25 -10 -13 0 -28 -6 -32 -13 -4 -8 -26 -17 -48 -20 -22 -4 -41 -11 -43 -17
-2 -5 -17 -10 -33 -10 -19 0 -29 -5 -29 -15 0 -8 -6 -15 -12 -15 -15 -1 -48
-62 -48 -89 0 -11 -7 -21 -15 -25 -9 -3 -15 -18 -15 -36 0 -20 -5 -30 -15 -30
-10 0 -15 -10 -15 -30 0 -16 -4 -30 -10 -30 -5 0 -13 -18 -16 -40 -4 -22 -10
-40 -15 -40 -5 0 -9 -13 -9 -30 0 -19 -5 -30 -14 -30 -8 0 -16 -16 -19 -42 -3
-24 -11 -44 -16 -46 -6 -2 -11 -15 -11 -28 0 -14 -7 -27 -15 -30 -9 -4 -15
-19 -15 -35 0 -19 -5 -29 -15 -29 -10 0 -15 -10 -15 -30 0 -20 -5 -30 -15 -30
-11 0 -15 -12 -15 -46 0 -37 -3 -45 -15 -40 -12 4 -15 -3 -15 -29 0 -24 -5
-35 -15 -35 -8 0 -14 -3 -14 -7 6 -35 -3 -73 -16 -73 -10 0 -15 -10 -15 -30 0
-20 -5 -30 -15 -30 -11 0 -15 -11 -15 -42 0 -31 -3 -39 -10 -28 -7 11 -11 4
-16 -27 -3 -23 -13 -44 -20 -47 -8 -3 -14 -17 -14 -31 0 -15 -7 -33 -15 -41
-8 -9 -15 -29 -15 -45 0 -16 -4 -29 -10 -29 -5 0 -10 -7 -10 -15 0 -8 5 -15
10 -15 6 0 10 -13 10 -30 0 -20 5 -30 15 -30 9 0 15 -9 15 -24 0 -13 3 -32 6
-41 5 -13 8 -14 15 -3 6 8 9 -5 9 -34 0 -36 4 -48 15 -48 10 0 15 -10 15 -29
0 -16 6 -31 15 -35 9 -3 15 -19 15 -41 0 -24 4 -35 15 -35 10 0 15 -10 15 -30
0 -20 5 -30 15 -30 11 0 15 -12 15 -45 0 -33 4 -45 15 -45 10 0 15 -10 15 -30
0 -20 5 -30 15 -30 9 0 15 -10 15 -26 0 -14 7 -32 15 -40 8 -9 15 -28 15 -44
0 -16 7 -30 15 -34 9 -3 15 -18 15 -34 0 -16 7 -35 15 -42 8 -7 15 -25 15 -41
0 -16 4 -29 9 -29 5 0 12 -13 16 -30 4 -17 11 -30 16 -30 5 0 9 -10 9 -22 0
-13 6 -35 14 -49 7 -14 16 -37 20 -52 3 -15 11 -27 16 -27 6 0 10 -13 10 -29
0 -16 7 -36 15 -45 8 -8 15 -26 15 -40 0 -16 6 -26 15 -26 10 0 15 -10 15 -30
0 -18 6 -33 15 -36 10 -4 15 -20 15 -45 0 -28 4 -39 15 -39 10 0 15 -10 15
-30 0 -20 5 -30 15 -30 11 0 15 -11 15 -39 0 -25 5 -41 15 -45 9 -3 15 -18 15
-36 0 -20 5 -30 15 -30 11 0 15 -11 15 -40 0 -29 4 -40 15 -40 10 0 15 -10 15
-30 0 -20 5 -30 15 -30 8 0 15 -7 15 -15 0 -13 21 -15 130 -15 109 0 130 2
130 15 0 13 25 15 161 15 90 0 158 4 155 9 -10 15 34 21 157 21 64 0 117 4
117 9 0 12 76 20 205 22 70 1 113 6 117 13 5 7 61 12 160 14 92 3 156 8 159
14 4 6 50 13 103 16 82 4 97 2 102 -12 8 -20 50 -21 58 -1 8 22 176 22 176 0
0 -8 7 -15 15 -15 9 0 15 -9 15 -25 0 -14 7 -28 15 -31 8 -4 15 -12 15 -20 0
-8 7 -14 15 -14 8 0 15 -7 15 -15 0 -8 7 -15 15 -15 8 0 15 -7 15 -15 0 -8 7
-15 15 -15 8 0 15 -7 15 -15 0 -8 7 -15 15 -15 8 0 15 -7 15 -15 0 -8 7 -15
15 -15 8 0 15 -7 15 -15 0 -8 5 -15 11 -15 12 0 39 -25 39 -35 0 -13 45 -55
58 -55 7 0 10 -4 7 -10 -7 -12 2 -13 113 -14 53 -1 85 -5 90 -13 4 -7 27 -15
50 -19 23 -3 39 -10 36 -15 -3 -5 15 -9 41 -9 31 0 47 -5 51 -15 4 -10 21 -15
53 -15 61 0 97 -10 79 -21 -7 -5 62 -9 160 -9 146 0 172 2 172 15 0 10 10 15
31 15 17 0 37 7 45 15 10 10 35 15 74 15 37 0 60 4 62 12 6 17 140 18 145 1 3
-8 21 -13 44 -13 26 0 42 -5 45 -15 5 -11 21 -15 60 -15 41 0 54 -4 54 -15 0
-11 11 -15 38 -15 48 0 83 -10 76 -21 -3 -5 17 -9 44 -9 32 0 54 -5 62 -15 8
-9 30 -15 60 -15 33 0 50 -5 54 -15 4 -11 20 -15 56 -15 38 0 50 -4 50 -15 0
-12 13 -15 55 -15 42 0 55 -3 55 -15 0 -11 12 -15 49 -15 31 0 53 -5 61 -15 8
-9 29 -15 55 -15 29 0 45 -5 49 -15 4 -11 21 -15 61 -15 42 0 55 -3 55 -15 0
-10 10 -15 30 -15 30 0 30 -1 30 -55 0 -42 -3 -55 -15 -55 -10 0 -15 -10 -15
-30 0 -18 -6 -33 -15 -36 -8 -4 -15 -18 -15 -34 0 -16 -7 -35 -15 -44 -8 -8
-15 -26 -15 -40 0 -16 -6 -26 -15 -26 -10 0 -15 -10 -15 -29 0 -16 -7 -34 -15
-41 -8 -7 -15 -25 -15 -41 0 -19 -5 -29 -15 -29 -11 0 -15 -11 -15 -41 0 -28
-4 -38 -12 -33 -7 4 -8 3 -4 -4 4 -7 2 -12 -3 -12 -6 0 -11 -9 -11 -20 0 -11
-4 -20 -10 -20 -5 0 -12 -11 -16 -25 -4 -18 -13 -25 -30 -25 -15 0 -24 -6 -24
-15 0 -8 -9 -15 -20 -15 -11 0 -20 -6 -20 -13 0 -7 -10 -13 -22 -14 -12 -1
-26 -9 -30 -18 -5 -8 -20 -15 -33 -15 -16 0 -25 -6 -25 -15 0 -8 -7 -15 -15
-15 -8 0 -15 -4 -15 -9 0 -5 -13 -12 -30 -16 -16 -4 -30 -13 -30 -21 0 -8 -7
-14 -15 -14 -8 0 -15 -4 -15 -9 0 -5 -13 -12 -30 -16 -16 -4 -30 -13 -30 -21
0 -8 -10 -14 -25 -14 -14 0 -25 -4 -25 -10 0 -5 -7 -10 -15 -10 -9 0 -18 -6
-21 -14 -3 -8 -16 -17 -30 -20 -13 -4 -24 -11 -24 -16 0 -6 -7 -10 -15 -10 -9
0 -18 -7 -21 -15 -4 -8 -17 -15 -30 -15 -14 0 -24 -6 -24 -14 0 -8 -13 -17
-30 -21 -16 -4 -30 -11 -30 -16 0 -5 -7 -9 -15 -9 -8 0 -15 -6 -15 -14 0 -7
-14 -16 -31 -20 -17 -3 -28 -10 -24 -16 3 -5 -3 -10 -14 -10 -12 0 -21 -7 -21
-15 0 -10 -10 -15 -30 -15 -20 0 -30 -5 -30 -15 0 -8 -5 -15 -11 -15 -6 0 -17
-7 -25 -15 -9 -8 -24 -15 -35 -15 -10 0 -19 -7 -19 -15 0 -9 -9 -15 -25 -15
-16 0 -25 -6 -25 -15 0 -8 -9 -15 -21 -15 -11 0 -18 -4 -15 -9 4 -5 -7 -12
-24 -16 -16 -4 -30 -13 -30 -21 0 -8 -7 -14 -15 -14 -9 0 -15 -9 -15 -25 0
-23 4 -25 44 -25 24 0 46 5 48 11 2 6 27 14 56 17 29 2 52 8 52 12 0 5 23 11
50 15 28 4 50 10 50 14 0 4 10 7 23 8 47 4 87 14 87 23 0 6 20 10 44 10 26 0
51 6 60 15 8 8 32 15 56 15 27 0 43 5 46 15 4 10 20 15 49 15 25 0 50 6 59 15
8 8 32 15 55 15 30 0 41 4 41 15 0 12 13 15 60 15 47 0 60 3 60 15 0 12 13 15
55 15 42 0 55 3 55 15 0 11 12 15 45 15 33 0 45 4 45 15 0 11 13 15 54 15 39
0 55 4 60 15 4 11 20 15 56 15 28 0 49 4 46 9 -7 10 27 21 67 21 16 0 35 7 43
15 10 9 34 15 64 15 27 0 50 5 52 10 2 6 21 13 43 17 22 3 43 10 46 15 3 5 25
12 48 15 22 3 41 9 41 13 0 4 19 10 41 13 23 3 45 10 48 15 3 5 23 12 44 16
21 4 35 11 32 17 -4 5 5 9 19 9 13 0 31 7 40 15 8 8 26 15 40 15 16 0 26 6 26
15 0 10 10 15 30 15 20 0 30 5 30 15 0 10 10 15 30 15 20 0 30 5 30 15 0 10
10 15 30 15 20 0 30 5 30 15 0 11 11 15 40 15 29 0 40 4 40 15 0 10 10 15 30
15 20 0 30 5 30 15 0 10 10 15 30 15 20 0 30 5 30 15 0 10 10 15 30 15 17 0
30 4 30 9 0 5 14 12 30 16 17 4 30 10 30 15 0 5 14 11 30 15 17 4 30 10 30 15
0 5 14 11 30 15 17 4 30 11 30 16 0 5 11 9 25 9 14 0 28 6 31 14 3 7 23 16 44
20 21 3 40 10 42 16 1 5 15 11 31 12 15 1 27 8 27 15 0 8 12 13 30 13 20 0 30
5 30 15 0 10 10 15 30 15 20 0 30 5 30 15 0 10 10 15 30 15 20 0 30 5 30 15 0
10 10 15 30 15 20 0 30 5 30 15 0 11 11 15 40 15 29 0 40 4 40 15 0 10 10 15
30 15 20 0 30 5 30 15 0 10 10 15 30 15 27 0 30 3 30 30 0 20 5 30 15 30 10 0
15 10 15 29 0 16 7 34 15 41 8 7 15 25 15 41 0 19 5 29 15 29 10 0 15 10 15
30 0 20 5 30 15 30 10 0 15 10 15 29 0 16 5 31 11 33 5 2 13 22 16 46 3 26 11
42 19 42 8 0 14 11 14 26 0 14 7 32 15 40 8 9 15 24 15 35 0 10 5 19 10 19 6
0 10 11 10 24 0 14 6 31 14 38 7 8 17 29 21 46 3 18 11 32 16 32 5 0 9 13 9
29 0 16 6 31 14 34 7 3 16 24 20 46 3 23 11 41 16 41 6 0 10 11 10 25 0 14 7
28 15 31 9 4 15 19 15 35 0 19 5 29 15 29 11 0 15 11 15 40 0 29 -4 40 -15 40
-11 0 -15 12 -15 45 0 33 -4 45 -15 45 -11 0 -15 12 -15 45 0 33 -4 45 -15 45
-10 0 -15 10 -15 31 0 17 -7 37 -15 45 -8 9 -15 29 -15 45 0 16 -4 29 -10 29
-5 0 -13 18 -16 40 -4 22 -10 40 -15 40 -4 0 -11 20 -15 45 -3 25 -10 45 -14
45 -4 0 -10 19 -13 42 -3 24 -11 44 -16 46 -6 2 -11 17 -11 33 0 19 -5 29 -15
29 -11 0 -15 11 -15 40 0 27 -5 43 -15 46 -10 4 -15 20 -15 45 0 28 -4 39 -15
39 -11 0 -15 12 -15 45 0 33 -4 45 -15 45 -10 0 -15 10 -15 30 0 20 -5 30 -15
30 -11 0 -15 12 -15 45 0 33 -4 45 -15 45 -11 0 -15 12 -15 45 0 33 -4 45 -15
45 -11 0 -15 11 -15 39 0 25 -5 41 -15 45 -10 3 -15 19 -15 46 0 29 -4 40 -15
40 -11 0 -15 11 -15 36 0 19 -4 33 -9 30 -10 -6 -21 26 -21 62 0 12 -4 22 -9
22 -4 0 -11 17 -14 39 -8 63 -31 81 -102 81 -34 0 -66 5 -71 10 -6 6 -95 13
-202 17 -105 3 -189 9 -187 13 2 4 -73 10 -167 14 -95 3 -175 10 -178 15 -3 5
-87 10 -188 13 -127 2 -185 7 -190 15 -8 13 -367 22 -379 9 -11 -11 -5 -100 7
-104 6 -2 10 -55 10 -133 0 -106 3 -131 15 -135 8 -4 15 -12 15 -20 0 -19 -54
-18 -70 1 -7 8 -19 15 -27 15 -7 0 -16 7 -19 15 -4 8 -17 15 -30 15 -15 0 -24
6 -24 15 0 10 -11 15 -35 15 -24 0 -35 5 -35 15 0 11 -11 15 -40 15 -29 0 -40
4 -40 15 0 11 -12 15 -45 15 -31 0 -44 4 -42 13 1 7 -10 13 -26 15 -16 2 -31
10 -34 18 -3 8 -15 14 -28 14 -13 0 -25 7 -29 15 -3 8 -16 15 -30 15 -13 0
-26 7 -30 15 -3 8 -16 15 -30 15 -13 0 -26 5 -28 11 -2 5 -22 13 -46 16 -23 3
-42 9 -42 14 0 4 -13 10 -30 14 -16 4 -30 10 -30 15 0 4 -20 11 -45 14 -25 4
-45 11 -45 17 0 5 -11 9 -25 9 -14 0 -28 7 -31 15 -4 8 -17 15 -30 15 -14 0
-27 7 -30 15 -4 8 -17 15 -30 15 -15 0 -24 6 -24 15 0 8 -7 15 -15 15 -8 0
-15 7 -15 15 0 8 -7 15 -15 15 -8 0 -15 7 -15 15 0 8 -7 15 -15 15 -8 0 -15 7
-15 15 0 8 -9 15 -21 15 -11 0 -17 5 -14 10 4 6 -7 13 -24 16 -17 4 -31 13
-31 20 0 8 -7 14 -15 14 -8 0 -15 7 -15 15 0 10 -10 15 -29 15 -16 0 -31 6
-35 15 -3 8 -15 15 -26 15 -12 0 -28 7 -36 15 -9 9 -34 15 -59 15 -24 0 -45 5
-47 11 -2 5 -28 13 -58 16 -30 3 -58 10 -61 15 -3 5 -63 12 -132 15 -70 3
-127 10 -127 15 0 4 -34 8 -75 8 -41 0 -75 -4 -75 -9 0 -5 -32 -11 -71 -13
-42 -2 -73 -9 -78 -17 -9 -14 -95 -20 -108 -8 -4 5 0 13 10 18 9 6 17 18 17
28 0 10 7 24 15 31 8 7 15 23 15 36 0 13 4 24 9 24 5 0 12 14 16 30 4 17 10
30 15 30 5 0 11 14 15 30 4 17 10 30 15 30 4 0 11 11 14 25 4 14 11 25 16 25
6 0 10 9 10 20 0 11 5 20 10 20 6 0 21 11 33 24 12 13 32 26 45 30 12 4 22 12
22 17 0 5 7 9 15 9 9 0 18 7 21 15 4 8 12 15 20 15 8 0 14 6 14 14 0 8 11 17
25 20 14 4 25 11 25 16 0 6 7 10 15 10 9 0 18 7 21 15 4 8 12 15 20 15 8 0 14
7 14 15 0 8 7 15 15 15 8 0 15 7 15 15 0 9 9 15 25 15 16 0 25 6 25 15 0 8 6
15 14 15 8 0 16 7 20 15 3 8 17 15 31 15 16 0 25 6 25 15 0 8 7 15 15 15 8 0
15 7 15 15 0 8 7 15 15 15 8 0 15 7 15 15 0 8 9 15 21 15 11 0 18 4 15 9 -4 5
7 12 24 16 16 4 30 13 30 21 0 8 5 14 11 14 7 0 22 11 34 24 12 13 32 27 43
31 12 3 22 11 22 16 0 5 7 9 15 9 8 0 15 6 15 14 0 7 9 16 21 19 12 3 18 10
15 15 -3 5 3 12 14 15 14 3 20 14 20 31 0 25 -2 26 -60 26 -47 0 -60 3 -60 15
0 12 -13 15 -60 15 -47 0 -60 3 -60 15 0 12 -15 15 -75 15 -60 0 -75 3 -75 15
0 12 -14 15 -69 15 -52 0 -70 4 -75 15 -4 11 -21 15 -61 15 -37 0 -62 5 -71
15 -11 10 -37 15 -85 15 -39 0 -68 4 -65 9 9 13 -20 21 -79 21 -32 0 -55 5
-57 12 -2 6 -32 13 -69 16 -35 3 -66 8 -69 13 -3 5 -38 11 -78 15 -40 4 -72
10 -72 15 0 4 -31 11 -70 15 -38 3 -70 10 -70 14 0 4 -26 10 -57 12 -31 3 -59
10 -61 16 -2 8 -29 12 -72 12 -48 0 -71 4 -77 14 -5 8 -32 15 -72 18 -37 3
-67 10 -69 16 -2 7 -26 12 -62 12 -42 0 -59 4 -64 15 -7 20 -106 20 -124 0z
m98 -25 c0 -5 -7 -10 -15 -10 -8 0 -15 5 -15 10 0 6 7 10 15 10 8 0 15 -4 15
-10z m-120 -30 c0 -5 -7 -10 -15 -10 -8 0 -15 5 -15 10 0 6 7 10 15 10 8 0 15
-4 15 -10z m238 -2 c-3 -8 -27 -14 -61 -16 -46 -2 -57 0 -57 13 0 12 13 15 61
15 44 0 60 -3 57 -12z m-298 -33 c0 -8 9 -15 20 -15 11 0 20 -4 20 -10 0 -5
18 -10 40 -10 40 0 53 13 25 24 -8 3 -15 10 -15 16 0 14 87 13 92 -2 3 -7 32
-14 74 -16 38 -3 72 -9 75 -13 9 -15 162 -16 166 -1 5 14 59 16 68 2 3 -5 -3
-11 -14 -11 -40 -3 -44 -4 -48 -15 -2 -7 23 -14 69 -18 40 -3 75 -10 78 -15 3
-5 42 -10 88 -12 46 -3 86 -9 90 -15 4 -7 43 -13 86 -16 51 -2 81 -8 84 -16 2
-8 28 -12 76 -12 48 0 79 -5 92 -15 12 -9 43 -14 83 -15 42 0 70 -5 80 -14 11
-10 44 -15 104 -17 66 -1 87 -5 87 -15 0 -11 20 -14 85 -14 67 0 87 -3 91 -15
5 -11 24 -15 80 -15 59 0 74 -3 74 -15 0 -12 13 -15 56 -15 36 0 61 -5 70 -15
9 -8 31 -15 50 -15 24 0 34 -5 34 -15 0 -12 -17 -15 -90 -15 -74 0 -90 3 -90
15 0 13 -14 15 -85 13 -104 -4 -118 -22 -20 -26 38 -2 73 -8 77 -14 3 -7 36
-14 72 -16 96 -6 84 -32 -14 -32 -55 0 -83 8 -74 21 3 5 -26 9 -65 9 -41 0
-71 -4 -71 -10 0 -12 5 -12 84 -15 32 -2 61 -7 65 -13 3 -5 17 -12 30 -13 27
-4 42 -29 17 -29 -9 0 -16 -7 -16 -15 0 -8 -7 -15 -15 -15 -8 0 -15 -6 -15
-14 0 -8 -13 -17 -30 -21 -16 -4 -30 -11 -30 -16 0 -5 -7 -9 -15 -9 -8 0 -15
-7 -15 -15 0 -8 -7 -15 -15 -15 -8 0 -15 -7 -15 -15 0 -8 -7 -15 -15 -15 -8 0
-15 -7 -15 -15 0 -9 -9 -15 -25 -15 -16 0 -25 -6 -25 -15 0 -8 -6 -15 -14 -15
-8 0 -16 -7 -20 -15 -3 -8 -17 -15 -31 -15 -16 0 -25 -6 -25 -15 0 -8 -6 -15
-12 -15 -7 -1 -24 -14 -38 -30 -14 -17 -34 -30 -47 -30 -14 0 -23 -6 -23 -15
0 -8 -6 -15 -14 -15 -8 0 -17 -7 -20 -16 -3 -8 -10 -12 -16 -9 -5 3 -10 -1
-10 -9 0 -19 2 -18 -119 -20 -58 -1 -98 3 -105 9 -15 16 -132 26 -182 16 -37
-7 -41 -6 -36 11 4 17 -3 18 -92 18 -77 0 -98 3 -102 15 -5 12 -27 15 -110 15
-86 0 -104 3 -104 15 0 12 -17 15 -90 15 -49 0 -90 -4 -90 -9 0 -13 39 -21
112 -21 44 0 68 -4 70 -12 3 -9 34 -13 106 -13 71 0 102 -4 102 -12 0 -7 32
-14 88 -18 48 -4 89 -11 92 -15 3 -4 52 -10 109 -12 70 -2 106 -8 109 -16 2
-8 29 -12 78 -12 59 0 74 -3 74 -15 0 -8 -7 -15 -15 -15 -9 0 -15 -10 -15 -26
0 -14 -4 -22 -10 -19 -5 3 -12 -12 -16 -35 -4 -24 -12 -40 -20 -40 -8 0 -14
-10 -14 -25 0 -14 -4 -25 -9 -25 -5 0 -12 -13 -16 -30 -4 -16 -11 -30 -16 -30
-5 0 -9 -9 -9 -19 0 -11 -6 -26 -13 -33 -8 -7 -17 -26 -21 -41 -3 -15 -11 -27
-16 -27 -6 0 -10 -13 -10 -30 0 -20 -5 -30 -15 -30 -8 0 -15 -7 -15 -15 0 -10
-10 -15 -30 -15 -19 0 -30 -5 -30 -14 0 -8 -16 -16 -42 -19 -24 -3 -44 -11
-46 -16 -5 -16 -29 -13 -36 4 -4 11 -20 15 -56 15 -38 0 -50 4 -50 15 0 11
-12 15 -46 15 -27 0 -51 6 -60 15 -9 9 -34 15 -59 15 -24 0 -45 5 -47 12 -2 6
-30 13 -61 16 -31 2 -57 8 -57 13 0 4 -25 11 -55 14 -30 4 -55 11 -55 15 0 4
-22 10 -49 14 -27 4 -51 11 -53 16 -2 6 -57 11 -131 11 -100 1 -127 5 -127 15
0 11 -18 14 -74 14 -53 0 -79 4 -90 15 -10 10 -35 15 -78 15 -72 0 -110 8
-102 21 3 5 -42 9 -100 9 -58 0 -106 -4 -106 -9 0 -5 -13 -12 -30 -16 -16 -4
-30 -11 -30 -16 0 -5 -7 -9 -15 -9 -8 0 -15 -9 -15 -20 0 -11 -7 -20 -15 -20
-8 0 -15 -7 -15 -15 0 -8 -7 -15 -15 -15 -9 0 -15 -9 -15 -25 0 -16 -6 -25
-15 -25 -8 0 -15 -6 -15 -14 0 -8 -7 -16 -15 -20 -8 -3 -15 -12 -15 -21 0 -8
-4 -15 -10 -15 -5 0 -12 -11 -16 -25 -3 -14 -12 -25 -20 -25 -8 0 -14 -6 -14
-14 0 -8 -6 -16 -12 -18 -10 -4 -13 -38 -13 -128 0 -90 3 -124 13 -127 6 -3
12 -11 12 -19 0 -8 7 -14 15 -14 8 0 15 -7 15 -15 0 -8 7 -15 15 -15 8 0 15
-7 15 -15 0 -8 7 -15 15 -15 8 0 15 -7 15 -15 0 -8 7 -15 15 -15 8 0 15 -7 15
-15 0 -8 7 -15 15 -15 8 0 15 -7 15 -15 0 -8 7 -15 15 -15 8 0 15 -7 15 -15 0
-8 7 -15 15 -15 8 0 15 -7 15 -15 0 -8 7 -15 15 -15 20 0 19 -26 -1 -42 -8 -7
-24 -21 -35 -30 -23 -22 -39 -23 -39 -3 0 10 -10 15 -30 15 -20 0 -30 5 -30
15 0 11 -11 15 -40 15 -34 0 -41 -4 -46 -25 -7 -30 3 -95 16 -95 4 0 10 -56
12 -125 2 -84 7 -128 15 -133 8 -5 13 -45 14 -120 1 -88 4 -112 15 -112 11 0
14 -22 14 -105 0 -89 2 -105 16 -105 10 0 15 -8 14 -22 -1 -13 -2 -60 -1 -105
1 -67 4 -83 16 -83 12 0 15 -18 15 -100 0 -82 3 -100 15 -100 21 0 19 -16 -5
-40 -24 -24 -36 -25 -44 -5 -3 8 -17 15 -31 15 -16 0 -25 6 -25 15 0 8 -7 15
-15 15 -10 0 -15 10 -15 30 0 20 -5 30 -15 30 -12 0 -15 15 -15 74 0 41 -4 76
-10 78 -5 2 -12 53 -16 113 -4 61 -11 113 -16 116 -5 3 -11 50 -14 105 -3 54
-9 101 -13 104 -4 3 -11 48 -14 100 -3 52 -11 96 -17 98 -6 2 -10 38 -10 88 0
66 -3 86 -15 90 -22 9 -22 144 0 144 8 0 15 -6 15 -14 0 -8 5 -16 12 -18 7 -3
14 -32 16 -76 2 -40 7 -72 11 -72 4 0 8 -6 9 -12 11 -145 16 -188 22 -188 4 0
11 -45 15 -100 3 -55 10 -100 15 -100 4 0 10 -32 12 -72 2 -44 9 -73 16 -76 8
-2 12 -32 12 -90 0 -85 9 -120 26 -109 5 3 8 48 6 101 -3 75 -6 96 -18 96 -11
0 -14 18 -14 86 0 63 -4 89 -15 100 -11 11 -15 37 -15 89 0 42 -4 75 -10 77
-6 2 -13 46 -16 98 -3 52 -9 97 -13 100 -5 3 -11 43 -15 90 -4 46 -11 87 -16
90 -4 3 -12 18 -15 33 -8 29 -25 37 -25 12 0 -8 -9 -15 -19 -15 -11 0 -22 -6
-24 -12 -4 -9 -8 -10 -14 -2 -4 6 -26 14 -48 17 -22 4 -41 11 -43 17 -2 5 -10
10 -18 10 -8 0 -14 7 -14 15 0 8 -7 15 -15 15 -8 0 -15 7 -15 15 0 10 -10 15
-30 15 -20 0 -30 5 -30 15 0 8 -7 15 -15 15 -8 0 -15 7 -15 15 0 8 -7 15 -15
15 -8 0 -15 7 -15 15 0 13 -24 15 -159 15 -111 0 -160 3 -163 12 -3 7 -66 13
-206 16 l-202 5 0 24 c0 13 7 26 15 29 9 4 15 19 15 35 0 19 5 29 15 29 11 0
15 11 15 40 0 29 4 40 15 40 10 0 15 10 15 30 0 20 5 30 15 30 11 0 15 12 15
45 0 33 4 45 15 45 10 0 15 10 15 30 0 20 5 30 15 30 10 0 15 10 15 34 0 18 7
39 15 46 8 7 15 26 15 42 0 16 4 27 9 23 6 -3 13 10 17 30 3 19 10 35 15 35 5
0 12 18 15 40 4 22 10 40 14 40 5 0 11 14 15 30 4 17 11 30 16 30 5 0 9 13 9
29 0 16 7 36 15 45 8 8 15 26 15 41 0 14 7 28 15 31 10 4 15 20 15 45 0 28 4
39 15 39 10 0 15 10 15 29 0 16 6 31 15 35 8 3 15 17 15 31 0 16 6 25 15 25 9
0 15 9 15 25 0 14 5 25 11 25 5 0 7 -4 4 -10 -3 -5 -1 -10 4 -10 6 0 11 7 11
15 0 8 7 15 15 15 8 0 15 7 15 15 0 10 10 15 30 15 20 0 30 5 30 15 0 10 10
15 30 15 20 0 30 5 30 15 0 11 11 15 40 15 29 0 40 4 40 15 0 10 10 15 31 15
17 0 37 7 45 15 9 8 27 15 40 15 14 0 23 4 20 9 -3 5 12 11 34 15 22 3 40 11
40 16 0 6 14 10 30 10 20 0 30 5 30 15 0 11 11 15 40 15 27 0 43 5 46 15 4 8
17 15 30 15 14 0 27 7 30 15 4 10 20 15 45 15 28 0 39 4 39 15 0 10 10 15 30
15 34 0 42 25 10 33 -11 3 -20 10 -20 16 0 6 9 11 20 11 11 0 20 -7 20 -15 0
-11 12 -15 45 -15 33 0 45 4 45 15 0 10 -10 15 -30 15 -20 0 -30 5 -30 15 0 9
9 15 24 15 13 0 26 -7 30 -15 3 -9 18 -15 35 -15 19 0 30 -6 33 -18 4 -15 0
-17 -29 -14 -25 3 -33 0 -33 -12 0 -11 -9 -16 -30 -16 -20 0 -30 -5 -30 -15 0
-10 -10 -15 -29 -15 -16 0 -31 -6 -35 -15 -3 -9 -19 -15 -41 -15 -24 0 -35 -4
-35 -15 0 -10 -10 -15 -29 -15 -16 0 -31 -6 -35 -15 -3 -9 -18 -15 -36 -15
-16 0 -30 -4 -30 -10 0 -5 -18 -13 -40 -16 -22 -4 -38 -10 -35 -14 3 -4 -11
-11 -30 -14 -19 -4 -35 -11 -35 -16 0 -6 -11 -10 -25 -10 -14 0 -28 -7 -31
-15 -4 -8 -12 -15 -20 -15 -8 0 -14 -7 -14 -15 0 -12 13 -15 60 -15 60 0 60 0
60 30 0 26 3 30 26 28 15 -2 29 -8 31 -15 4 -9 27 -13 73 -13 71 0 100 -6 100
-21 0 -5 -45 -9 -99 -9 -101 0 -131 -5 -131 -21 0 -5 52 -9 115 -9 96 0 115
-3 115 -15 0 -23 235 -22 244 1 5 12 10 14 20 5 7 -6 16 -8 19 -4 4 3 7 1 7
-5 0 -7 -11 -12 -25 -12 -16 0 -25 -6 -25 -15 0 -12 16 -15 85 -15 69 0 85 -3
85 -15 0 -8 7 -15 15 -15 8 0 15 -7 15 -15 0 -8 7 -15 15 -15 8 0 15 -7 15
-15 0 -8 6 -15 14 -15 8 0 16 -7 20 -15 3 -8 10 -15 16 -15 5 0 10 7 10 15 0
8 7 15 15 15 8 0 15 7 15 15 0 9 9 15 25 15 14 0 28 7 31 15 4 8 12 15 20 15
8 0 14 7 14 15 0 10 10 15 30 15 20 0 30 5 30 15 0 9 9 15 25 15 16 0 25 6 25
15 0 8 9 15 20 15 11 0 20 7 20 15 0 9 9 15 21 15 11 0 27 7 35 15 9 8 24 15
35 15 10 0 19 7 19 15 0 10 10 15 30 15 20 0 30 5 30 15 0 8 7 15 15 15 8 0
15 4 15 9 0 5 14 12 30 16 17 4 30 11 30 16 0 5 11 9 25 9 14 0 25 5 25 11 0
5 14 15 31 21 23 8 27 13 17 19 -9 6 -4 9 15 9 15 0 30 7 33 15 4 8 17 15 30
15 15 0 24 6 24 15 0 8 9 15 20 15 11 0 20 7 20 15 0 9 9 15 25 15 16 0 25 6
25 15 0 8 7 15 15 15 8 0 15 7 15 15 0 10 -10 15 -30 15 -20 0 -30 -5 -30 -15
0 -9 -9 -15 -24 -15 -13 0 -26 -7 -30 -15 -3 -8 -12 -15 -21 -15 -8 0 -15 7
-15 15 0 8 9 15 20 15 11 0 20 7 20 15 0 9 9 15 25 15 16 0 25 6 25 15 0 9 -9
15 -25 15 -16 0 -25 -6 -25 -15 0 -8 -9 -15 -20 -15 -11 0 -20 -7 -20 -15 0
-10 -10 -15 -30 -15 -20 0 -30 -5 -30 -15 0 -9 -9 -15 -25 -15 -16 0 -25 -6
-25 -15 0 -10 -10 -15 -30 -15 -20 0 -30 -5 -30 -15 0 -10 10 -15 30 -15 20 0
30 5 30 15 0 9 9 15 25 15 16 0 25 -6 25 -15 0 -9 -9 -15 -24 -15 -13 0 -27
-7 -30 -16 -4 -10 -13 -13 -25 -9 -14 4 -23 0 -30 -13 -7 -14 -18 -18 -36 -15
-14 3 -25 9 -25 14 0 5 -7 9 -15 9 -8 0 -15 -7 -15 -15 0 -8 7 -15 15 -15 8 0
15 -4 15 -10 0 -5 -7 -10 -15 -10 -8 0 -15 5 -15 10 0 6 -13 10 -30 10 -31 0
-41 -16 -15 -26 8 -4 15 -10 15 -15 0 -5 -7 -9 -15 -9 -8 0 -15 5 -15 10 0 6
-11 10 -25 10 -14 0 -25 -5 -25 -10 0 -6 -12 -16 -27 -22 -27 -11 -27 -12 -5
-15 31 -6 29 -33 -3 -33 -16 0 -25 6 -25 15 0 8 -7 15 -15 15 -9 0 -18 -7 -21
-15 -4 -8 -17 -15 -30 -15 -27 0 -33 -24 -9 -34 8 -3 15 -10 15 -16 0 -5 -7
-10 -15 -10 -8 0 -15 7 -15 15 0 19 -34 19 -54 0 -8 -8 -26 -16 -40 -17 -14
-1 -26 -8 -26 -15 0 -7 -10 -13 -22 -13 -36 0 -68 -11 -62 -21 3 -5 -9 -9 -25
-9 -21 0 -31 5 -31 15 0 12 -13 15 -60 15 -47 0 -60 3 -60 15 0 12 -15 15 -75
15 -60 0 -75 -3 -75 -15 0 -12 -16 -15 -85 -15 -47 0 -85 4 -85 9 0 14 28 21
86 21 55 0 72 13 32 24 -13 3 -49 6 -81 6 -32 0 -56 4 -53 8 6 10 4 10 -91 18
-77 7 -93 18 -43 29 17 4 30 10 30 15 0 5 14 11 30 15 17 4 30 12 30 18 0 7
16 12 36 13 20 0 39 6 43 12 4 7 19 13 34 14 15 1 27 8 27 15 0 8 12 13 30 13
20 0 30 5 30 15 0 10 10 15 30 15 20 0 30 5 30 15 0 10 10 15 29 15 16 0 36 7
45 15 8 8 26 15 40 15 17 0 26 5 26 16 0 13 -8 15 -36 12 -29 -3 -38 -1 -42
14 -2 10 -11 18 -18 18 -8 0 -14 7 -14 15 0 8 7 15 15 15 8 0 15 -7 15 -15 0
-11 11 -15 40 -15 29 0 40 4 40 15 0 9 -9 15 -25 15 -16 0 -25 6 -25 15 0 8 6
15 14 15 8 0 21 -7 30 -15 8 -8 26 -15 40 -15 16 0 26 6 26 15 0 9 -9 15 -25
15 -15 0 -25 6 -25 14 0 9 10 13 25 12 14 0 25 -7 25 -13 0 -19 66 -17 74 2 3
9 19 15 41 15 24 0 35 4 35 15 0 10 -10 15 -30 15 -16 0 -30 5 -30 10 0 6 14
10 30 10 17 0 30 -4 30 -10 0 -5 14 -10 30 -10 17 0 30 4 30 9 0 14 54 24 58
12 2 -6 9 -8 14 -5 7 4 8 2 4 -4 -4 -7 -23 -12 -42 -12 -24 0 -34 -5 -34 -15
0 -10 -10 -15 -30 -15 -20 0 -30 -5 -30 -15 0 -11 -11 -15 -41 -15 -33 0 -40
-3 -37 -17 2 -10 7 -17 11 -15 4 1 21 2 37 2 20 0 30 5 30 15 0 10 10 15 30
15 20 0 30 5 30 15 0 11 11 15 40 15 29 0 40 4 40 15 0 10 10 15 30 15 20 0
30 5 30 15 0 9 -9 15 -25 15 -14 0 -28 7 -31 15 -4 8 -17 15 -30 15 -13 0 -24
5 -24 10 0 12 47 13 52 1 2 -5 16 -11 33 -13 22 -2 31 2 33 15 2 12 -3 17 -17
17 -12 0 -21 5 -21 10 0 6 9 10 20 10 11 0 20 -4 20 -10 0 -5 11 -12 25 -16
14 -3 25 -10 25 -15 0 -5 -11 -9 -25 -9 -16 0 -25 -6 -25 -15 0 -12 16 -15 85
-15 69 0 85 -3 85 -15 0 -12 15 -15 75 -15 41 0 75 4 75 9 0 13 -37 21 -97 21
-29 0 -53 4 -53 9 0 5 -14 12 -30 16 -17 4 -28 11 -24 16 3 5 -3 12 -13 16
-10 3 -22 12 -26 20 -4 7 -17 13 -27 13 -11 0 -20 5 -20 10 0 6 11 10 25 10
16 0 25 -6 25 -15z m450 6 c0 -14 -48 -22 -86 -15 -18 3 -31 10 -28 15 7 12
114 12 114 0z m-680 -91 c0 -5 -7 -10 -15 -10 -8 0 -15 5 -15 10 0 6 7 10 15
10 8 0 15 -4 15 -10z m-150 -61 c0 -5 -7 -9 -15 -9 -15 0 -20 12 -9 23 8 8 24
-1 24 -14z m-410 -169 c0 -5 -11 -10 -25 -10 -14 0 -25 5 -25 10 0 6 11 10 25
10 14 0 25 -4 25 -10z m1153 -5 c1 -5 -6 -11 -15 -13 -11 -2 -18 3 -18 13 0
17 30 18 33 0z m-1238 -25 c-7 -11 -55 -9 -55 2 0 4 14 8 31 8 17 0 28 -4 24
-10z m-65 -35 c0 -16 -9 -19 -34 -9 -25 9 -19 24 9 24 16 0 25 -6 25 -15z
m-80 -25 c0 -5 -7 -10 -15 -10 -8 0 -15 5 -15 10 0 6 7 10 15 10 8 0 15 -4 15
-10z m-60 -30 c0 -5 -13 -10 -30 -10 -16 0 -30 5 -30 10 0 6 14 10 30 10 17 0
30 -4 30 -10z m-90 -30 c0 -5 -7 -10 -15 -10 -8 0 -15 5 -15 10 0 6 7 10 15
10 8 0 15 -4 15 -10z m1230 -31 c0 -5 -11 -9 -25 -9 -24 0 -32 10 -19 22 8 8
44 -3 44 -13z m-1290 1 c0 -5 -11 -10 -25 -10 -14 0 -25 5 -25 10 0 6 11 10
25 10 14 0 25 -4 25 -10z m-80 -30 c0 -5 -7 -10 -15 -10 -8 0 -15 5 -15 10 0
6 7 10 15 10 8 0 15 -4 15 -10z m1255 -20 c3 -6 -1 -13 -10 -16 -19 -8 -30 0
-20 15 8 14 22 14 30 1z m-1325 -10 c0 -5 -4 -10 -9 -10 -6 0 -13 5 -16 10 -3
6 1 10 9 10 9 0 16 -4 16 -10z m-80 -30 c0 -5 -7 -10 -15 -10 -8 0 -15 5 -15
10 0 6 7 10 15 10 8 0 15 -4 15 -10z m1310 -25 c0 -9 -9 -15 -25 -15 -16 0
-25 -6 -25 -15 0 -10 -10 -15 -30 -15 -20 0 -30 -5 -30 -15 0 -10 -10 -15 -30
-15 -20 0 -30 -5 -30 -15 0 -8 -7 -15 -15 -15 -8 0 -15 -7 -15 -16 0 -9 -5
-14 -12 -12 -18 6 -21 28 -4 28 9 0 16 7 16 15 0 8 7 15 15 15 8 0 15 7 15 15
0 10 10 15 30 15 20 0 30 5 30 15 0 10 10 15 30 15 20 0 30 5 30 15 0 9 9 15
25 15 16 0 25 -6 25 -15z m-1370 -5 c0 -5 -7 -10 -15 -10 -8 0 -15 5 -15 10 0
6 7 10 15 10 8 0 15 -4 15 -10z m-60 -55 c0 -8 -4 -15 -9 -15 -13 0 -22 16
-14 24 11 11 23 6 23 -9z m-30 -70 c0 -14 -4 -25 -10 -25 -5 0 -10 11 -10 25
0 14 5 25 10 25 6 0 10 -11 10 -25z m-30 -66 c0 -10 -4 -19 -10 -19 -5 0 -10
12 -10 26 0 14 4 23 10 19 6 -3 10 -15 10 -26z m-34 -86 c-11 -11 -19 6 -11
24 8 17 8 17 12 0 3 -10 2 -21 -1 -24z m-26 -58 c0 -14 -4 -25 -10 -25 -5 0
-10 11 -10 25 0 14 5 25 10 25 6 0 10 -11 10 -25z m-30 -60 c0 -14 -4 -25 -10
-25 -5 0 -10 11 -10 25 0 14 5 25 10 25 6 0 10 -11 10 -25z m-30 -85 c0 -16
-4 -30 -10 -30 -5 0 -10 14 -10 30 0 17 5 30 10 30 6 0 10 -13 10 -30z m-30
-50 c0 -11 0 -23 1 -27 0 -4 -4 -9 -10 -11 -6 -2 -11 10 -11 27 0 17 5 31 10
31 6 0 10 -9 10 -20z m-20 -86 c0 -8 -7 -14 -15 -14 -8 0 -15 9 -15 20 0 13 5
18 15 14 8 -4 15 -12 15 -20z m1340 1 c8 -9 29 -15 55 -15 24 0 56 -7 71 -15
16 -8 41 -15 57 -15 15 0 27 -4 27 -9 0 -5 27 -12 60 -16 33 -4 60 -10 60 -15
0 -4 25 -10 57 -13 31 -3 60 -12 64 -19 7 -10 9 -10 9 2 0 10 3 11 8 4 4 -6
32 -14 62 -16 30 -3 56 -11 58 -17 2 -6 24 -11 48 -11 30 0 46 -5 50 -15 5
-11 21 -15 59 -15 34 0 59 -5 69 -15 8 -9 33 -15 60 -15 26 0 51 -6 60 -15 8
-8 32 -15 55 -15 30 0 41 -4 41 -15 0 -12 15 -15 75 -15 60 0 75 -3 75 -15 0
-8 5 -15 10 -15 6 0 10 -7 10 -15 0 -9 -9 -15 -25 -15 -16 0 -25 -6 -25 -15 0
-8 -7 -15 -15 -15 -8 0 -15 -7 -15 -15 0 -8 -7 -15 -15 -15 -8 0 -15 -7 -15
-15 0 -8 -7 -15 -15 -15 -8 0 -15 -7 -15 -15 0 -8 -7 -15 -15 -15 -8 0 -15 -7
-15 -15 0 -8 -7 -15 -15 -15 -9 0 -15 -9 -15 -25 0 -16 -6 -25 -15 -25 -8 0
-15 -7 -15 -15 0 -8 -7 -15 -15 -15 -8 0 -15 -6 -15 -14 0 -8 -7 -16 -15 -20
-8 -3 -15 -17 -15 -31 0 -16 -6 -25 -15 -25 -8 0 -15 -7 -15 -15 0 -8 -7 -15
-15 -15 -8 0 -15 -7 -15 -15 0 -8 -4 -15 -10 -15 -5 0 -13 -18 -16 -40 -4 -22
-10 -40 -14 -40 -4 0 -11 -16 -14 -35 -4 -19 -11 -35 -16 -35 -6 0 -10 -13
-10 -30 0 -16 -4 -30 -10 -30 -5 0 -12 -11 -16 -25 -5 -22 -12 -25 -50 -25
-32 0 -44 4 -44 15 0 8 -5 15 -10 15 -6 0 -21 11 -33 24 -12 13 -33 27 -46 31
-53 16 -84 77 -46 91 8 4 15 15 15 25 0 11 7 22 15 25 8 4 15 12 15 20 0 8 7
14 15 14 11 0 15 12 15 45 0 43 -1 45 -30 45 -20 0 -30 5 -30 15 0 10 -10 15
-30 15 -20 0 -30 5 -30 15 0 9 -10 15 -26 15 -14 0 -32 7 -40 15 -9 8 -27 15
-42 15 -15 0 -36 7 -46 15 -11 8 -32 15 -47 15 -15 0 -30 4 -33 9 -3 4 -24 11
-46 15 -22 3 -40 11 -40 16 0 17 -96 12 -110 -5 -16 -19 -90 -17 -90 2 0 7 -6
13 -13 13 -7 0 -24 13 -37 30 -14 16 -35 29 -47 30 -14 0 -23 6 -23 15 0 8 -7
15 -15 15 -8 0 -15 7 -15 15 0 8 -7 15 -15 15 -8 0 -15 7 -15 15 0 8 -3 14 -7
14 -28 -5 -53 3 -53 16 0 8 -7 15 -15 15 -8 0 -15 7 -15 15 0 8 -4 15 -10 15
-5 0 -10 7 -10 15 0 8 5 15 10 15 6 0 10 7 10 15 0 8 7 15 15 15 8 0 15 7 15
15 0 8 7 15 15 15 8 0 15 7 15 15 0 8 7 15 15 15 9 0 15 9 15 25 0 16 6 25 15
25 8 0 15 7 15 15 0 8 7 15 15 15 8 0 15 9 15 21 0 11 5 17 10 14 6 -3 13 1
16 9 8 22 126 23 144 1z m272 3 c3 -8 33 -14 81 -16 42 -2 75 -8 72 -12 -5 -8
91 -20 156 -20 22 0 39 -4 39 -9 0 -6 32 -13 70 -17 39 -3 70 -10 70 -14 0 -4
25 -10 56 -12 31 -3 59 -9 62 -15 4 -6 32 -13 62 -15 30 -3 56 -11 58 -17 2
-6 24 -11 48 -11 35 0 44 -3 44 -17 0 -15 2 -16 10 -3 6 10 10 11 10 3 0 -9
17 -13 50 -13 37 0 50 -4 50 -14 0 -11 15 -16 52 -18 30 -2 53 -8 56 -15 2 -7
-3 -13 -12 -13 -9 0 -16 -7 -16 -15 0 -11 -12 -15 -45 -15 -33 0 -45 4 -45 15
0 12 -13 15 -55 15 -42 0 -55 3 -55 15 0 12 -13 15 -60 15 -47 0 -60 3 -60 15
0 12 -13 15 -59 15 -43 0 -60 4 -65 15 -4 11 -20 15 -55 15 -28 0 -51 5 -53
11 -2 6 -28 14 -58 17 -30 2 -58 9 -61 14 -3 5 -31 12 -62 15 -32 3 -57 9 -57
13 0 4 -27 10 -60 14 -33 4 -60 11 -60 16 0 6 -21 10 -47 10 -58 0 -95 9 -87
21 3 5 -14 9 -38 9 -54 0 -90 9 -82 21 8 14 142 11 146 -3z m-1652 -73 c0 -14
-4 -25 -10 -25 -5 0 -10 11 -10 25 0 14 5 25 10 25 6 0 10 -11 10 -25z m3523
-45 c3 -11 12 -20 21 -20 9 0 16 -4 16 -10 0 -6 43 -10 109 -10 115 0 153 -6
129 -21 -8 -6 3 -9 30 -9 29 0 45 -5 48 -15 4 -9 19 -15 35 -15 19 0 29 -5 29
-15 0 -8 5 -15 10 -15 6 0 10 -7 10 -15 0 -12 -13 -15 -55 -15 -42 0 -55 -3
-55 -15 0 -8 5 -15 10 -15 6 0 10 -7 10 -15 0 -8 7 -15 15 -15 8 0 15 -7 15
-15 0 -8 9 -15 20 -15 11 0 20 -7 20 -15 0 -9 9 -15 25 -15 14 0 28 7 31 15 5
11 23 15 71 15 44 0 69 -5 79 -15 9 -8 24 -15 35 -15 10 0 19 -7 19 -15 0 -8
7 -15 16 -15 35 0 4 -25 -34 -28 -23 -2 -42 -7 -42 -13 0 -5 7 -9 15 -9 8 0
15 -4 15 -10 0 -24 42 -50 92 -56 44 -6 60 -14 95 -50 24 -23 43 -47 43 -53 0
-6 7 -11 15 -11 11 0 15 -11 15 -39 0 -31 -4 -41 -20 -46 -11 -4 -18 -10 -15
-15 10 -16 -28 -20 -175 -20 -119 0 -152 3 -164 15 -9 10 -34 15 -70 15 -35 0
-60 5 -70 15 -8 8 -32 15 -55 15 -30 0 -41 4 -41 15 0 11 -12 15 -45 15 -33 0
-45 4 -45 15 0 10 -10 15 -29 15 -16 0 -31 5 -33 11 -2 5 -22 13 -46 16 -26 3
-42 11 -42 19 0 9 -11 14 -29 14 -16 0 -31 6 -35 15 -3 8 -17 15 -31 15 -14 0
-25 4 -25 10 0 5 -11 12 -25 16 -14 3 -25 10 -25 14 0 5 -13 11 -30 15 -16 4
-30 10 -30 15 0 5 -13 11 -30 15 -16 4 -30 11 -30 16 0 5 -7 9 -15 9 -8 0 -15
6 -15 14 0 8 -13 17 -30 21 -16 4 -30 11 -30 16 0 5 -7 9 -15 9 -8 0 -15 7
-15 15 0 8 -7 15 -15 15 -8 0 -15 7 -15 15 0 8 -7 15 -15 15 -8 0 -15 7 -15
15 0 8 -7 15 -15 15 -8 0 -15 6 -15 14 0 8 -7 17 -16 20 -8 3 -12 10 -9 16 3
5 0 10 -9 10 -8 0 -17 13 -21 30 -4 17 -11 30 -16 30 -15 0 -10 19 11 40 12
12 33 20 55 20 19 0 35 4 35 9 0 16 29 19 221 20 179 1 187 0 192 -19z m-3545
-27 c-5 -25 -28 -28 -28 -4 0 12 6 21 16 21 9 0 14 -7 12 -17z m2990 -43 c2
-13 10 -30 18 -37 8 -8 14 -23 14 -34 0 -10 7 -19 15 -19 8 0 15 -5 15 -11 0
-7 11 -22 25 -35 14 -13 25 -28 25 -34 0 -5 7 -10 15 -10 8 0 15 -4 15 -10 0
-5 -5 -10 -10 -10 -6 0 -14 -8 -17 -17 -4 -10 -17 -27 -29 -38 -11 -11 -24
-30 -28 -42 -4 -13 -12 -23 -17 -23 -5 0 -9 -7 -9 -15 0 -9 -6 -18 -14 -21 -8
-3 -17 -16 -20 -30 -4 -13 -11 -24 -16 -24 -6 0 -10 -7 -10 -15 0 -8 -6 -15
-14 -15 -7 0 -16 -9 -19 -21 -3 -12 -10 -18 -16 -14 -6 3 -11 -1 -11 -9 0 -13
-13 -16 -70 -16 -56 0 -70 -3 -70 -15 0 -12 18 -15 99 -15 79 0 100 -3 105
-15 3 -10 19 -15 46 -15 29 0 40 -4 40 -15 0 -11 11 -15 40 -15 29 0 40 -4 40
-15 0 -10 10 -15 30 -15 20 0 30 -5 30 -15 0 -8 5 -15 10 -15 6 0 21 -11 33
-24 13 -14 35 -28 50 -31 20 -5 27 -13 27 -31 0 -15 6 -24 15 -24 8 0 15 -7
15 -15 0 -8 7 -15 15 -15 8 0 15 -6 15 -14 0 -8 7 -16 15 -20 8 -3 15 -17 15
-31 0 -16 6 -25 15 -25 8 0 15 -7 15 -15 0 -8 4 -15 9 -15 5 0 12 -13 16 -30
4 -16 11 -30 16 -30 5 0 9 -9 9 -19 0 -11 7 -26 15 -35 9 -8 15 -33 15 -60 0
-27 6 -51 16 -60 13 -13 16 -51 17 -236 1 -160 -1 -223 -10 -228 -6 -4 -15
-21 -19 -37 -4 -17 -10 -32 -13 -35 -11 -10 -41 -72 -41 -86 0 -8 -6 -17 -14
-20 -8 -3 -18 -19 -21 -35 -4 -16 -11 -29 -16 -29 -5 0 -9 -7 -9 -15 0 -8 -7
-15 -15 -15 -8 0 -15 -7 -15 -15 0 -8 -7 -15 -15 -15 -8 0 -15 -7 -15 -15 0
-8 -7 -15 -15 -15 -8 0 -15 -7 -15 -15 0 -8 -7 -15 -15 -15 -8 0 -15 -7 -15
-16 0 -8 -5 -12 -10 -9 -6 3 -13 -1 -16 -9 -3 -9 -12 -16 -20 -16 -8 0 -14 -6
-14 -14 0 -8 -13 -17 -30 -21 -16 -4 -30 -10 -30 -15 0 -4 -11 -11 -25 -14
-14 -4 -25 -11 -25 -16 0 -6 -16 -10 -35 -10 -24 0 -35 -5 -35 -15 0 -22 -305
-22 -314 0 -3 10 -19 15 -45 15 -25 0 -41 5 -45 15 -3 8 -15 15 -26 15 -12 0
-28 7 -36 15 -9 8 -24 15 -35 15 -10 0 -19 7 -19 15 0 8 -7 15 -15 15 -8 0
-15 4 -15 9 0 5 -13 12 -30 16 -16 4 -30 11 -30 16 0 14 -33 49 -47 49 -7 0
-13 11 -13 25 0 16 -6 25 -15 25 -8 0 -15 7 -15 15 0 8 -7 15 -15 15 -8 0 -15
7 -15 15 0 8 -7 15 -16 15 -27 0 -7 -49 37 -92 28 -28 39 -46 39 -68 0 -28 -2
-30 -27 -23 -43 12 -116 9 -121 -5 -2 -7 -9 -12 -16 -12 -22 0 -66 25 -66 38
0 14 -115 18 -124 4 -3 -5 -125 -11 -272 -15 -157 -3 -269 -9 -273 -15 -3 -5
-81 -11 -179 -14 -110 -2 -176 -7 -180 -14 -5 -8 -76 -13 -201 -16 -137 -3
-196 -8 -199 -16 -2 -8 -32 -12 -88 -12 -71 0 -87 3 -104 20 -11 11 -20 29
-20 39 0 11 -7 26 -15 35 -8 8 -15 28 -15 45 0 21 -5 31 -15 31 -10 0 -15 10
-15 30 0 18 -6 33 -15 36 -10 4 -15 20 -15 45 0 28 -4 39 -15 39 -10 0 -15 10
-15 30 0 20 -5 30 -15 30 -11 0 -15 12 -15 46 0 59 -24 55 -28 -4 -2 -33 0
-42 12 -42 11 0 16 -10 16 -30 0 -20 5 -30 16 -30 12 0 14 -9 12 -42 -2 -24
-7 -43 -13 -43 -5 0 -11 19 -13 43 -2 28 -8 42 -18 42 -8 0 -14 10 -14 26 0
14 -7 32 -15 40 -8 9 -15 29 -15 45 0 17 -6 32 -15 35 -8 4 -15 17 -15 31 0
13 -7 31 -15 39 -8 9 -15 29 -15 45 0 19 -5 29 -15 29 -10 0 -15 10 -15 29 0
16 -5 31 -11 33 -5 2 -13 22 -16 46 -3 23 -9 39 -13 37 -4 -3 -11 11 -14 30
-4 19 -11 35 -16 35 -6 0 -10 11 -10 25 0 13 -7 28 -15 32 -8 5 -15 25 -17 46
-1 22 -7 37 -15 37 -8 0 -13 12 -13 30 0 18 -6 33 -15 36 -10 4 -15 20 -15 45
0 28 -4 39 -15 39 -10 0 -15 10 -15 30 0 20 -5 30 -15 30 -13 0 -22 38 -16 73
0 4 -6 7 -14 7 -10 0 -15 11 -15 35 0 24 -5 35 -15 35 -9 0 -15 10 -15 26 0
14 -7 32 -15 40 -8 9 -15 29 -15 45 0 19 -5 29 -15 29 -10 0 -15 10 -15 29 0
16 -5 31 -11 33 -5 2 -13 22 -16 46 -4 27 -11 42 -20 42 -11 0 -13 13 -11 57
4 71 28 88 28 19 0 -34 4 -46 15 -46 10 0 15 -10 15 -28 0 -16 7 -37 15 -48 8
-10 15 -31 15 -46 0 -18 5 -28 15 -28 10 0 15 -10 15 -30 0 -20 5 -30 15 -30
11 0 15 -11 15 -40 0 -29 4 -40 15 -40 10 0 15 -11 15 -35 0 -24 5 -35 15 -35
11 0 15 -11 15 -40 0 -29 4 -40 15 -40 11 0 15 -12 15 -45 0 -33 4 -45 15 -45
10 0 15 -10 15 -30 0 -20 5 -30 15 -30 10 0 15 -10 15 -30 0 -21 5 -30 16 -30
13 0 15 6 9 27 -3 15 -10 30 -14 33 -4 3 -11 23 -14 45 -4 22 -11 41 -17 43
-5 2 -10 17 -10 33 0 19 -5 29 -15 29 -10 0 -15 10 -15 29 0 16 -7 36 -15 45
-8 8 -15 28 -15 45 0 21 -5 31 -15 31 -11 0 -15 11 -15 40 0 29 -4 40 -15 40
-10 0 -15 10 -15 30 0 20 -5 30 -15 30 -11 0 -15 12 -15 45 0 32 -4 45 -14 45
-8 0 -16 -3 -19 -7 -2 -5 -2 -2 0 5 1 8 3 25 3 38 l0 24 190 0 c162 0 190 -2
190 -15 0 -13 23 -15 144 -15 145 0 181 -4 170 -21 -3 -5 4 -9 15 -9 12 0 21
-7 21 -15 0 -8 7 -15 15 -15 8 0 15 -7 15 -15 0 -8 7 -15 15 -15 8 0 15 -7 15
-15 0 -10 -10 -15 -27 -15 -16 0 -37 -7 -47 -15 -27 -21 -126 -21 -126 0 0 8
-7 15 -15 15 -8 0 -15 7 -15 15 0 10 -10 15 -30 15 -20 0 -30 -5 -30 -15 0 -8
7 -15 15 -15 9 0 15 -9 15 -25 0 -16 -6 -25 -15 -25 -8 0 -15 5 -15 10 0 6
-13 10 -30 10 -16 0 -30 -4 -30 -10 0 -5 -7 -10 -16 -10 -8 0 -12 5 -9 10 9
14 -58 13 -73 -2 -9 -9 -12 -9 -12 0 0 7 -9 12 -20 12 -11 0 -20 -4 -20 -10 0
-5 -25 -10 -55 -10 -48 0 -55 -3 -55 -19 0 -11 5 -21 12 -23 6 -2 11 -19 11
-38 0 -19 -5 -36 -11 -38 -17 -5 -15 -59 3 -66 8 -3 15 -17 15 -31 0 -15 7
-33 15 -41 8 -9 15 -29 15 -45 0 -20 5 -29 16 -29 12 0 14 -7 9 -30 -5 -23 -3
-30 9 -30 11 0 16 9 16 30 0 17 -4 30 -10 30 -5 0 -12 16 -16 37 -4 20 -13 48
-20 62 -8 14 -14 32 -14 39 0 6 -4 12 -10 12 -5 0 -10 12 -10 28 l0 27 132 -3
c73 -2 138 -8 144 -13 5 -4 102 -9 215 -9 l204 -2 3 71 c2 39 7 71 12 71 6 0
19 -8 30 -17 15 -13 20 -30 20 -68 0 -28 7 -59 15 -69 11 -14 15 -46 15 -107
0 -61 4 -89 13 -91 8 -3 13 -36 16 -104 2 -59 8 -102 14 -106 6 -4 13 -42 15
-85 3 -43 8 -80 13 -83 5 -3 11 -56 15 -118 4 -62 11 -112 16 -112 4 0 8 -36
8 -79 0 -57 4 -84 15 -95 8 -8 15 -24 15 -36 0 -13 8 -24 20 -27 11 -3 20 -12
20 -19 0 -8 10 -14 25 -14 16 0 25 -6 25 -16 0 -14 31 -16 307 -12 234 2 307
6 311 16 3 9 61 12 248 12 210 0 244 2 244 15 0 8 9 15 20 15 11 0 20 7 20 15
0 8 5 15 10 15 6 0 10 7 10 15 0 8 -4 15 -9 15 -5 0 -12 14 -16 30 -4 17 -10
30 -15 30 -4 0 -10 18 -14 40 -4 23 -11 38 -16 35 -6 -4 -10 8 -10 27 0 45
-10 79 -21 72 -5 -3 -9 35 -9 85 0 74 -3 91 -15 91 -12 0 -15 17 -15 90 0 50
4 90 9 90 9 0 21 -71 21 -121 0 -16 4 -29 9 -29 4 0 11 -34 15 -75 4 -41 13
-87 21 -102 8 -15 15 -40 15 -55 0 -16 4 -28 9 -28 5 0 12 -13 16 -30 4 -16
11 -30 16 -30 5 0 9 -13 9 -30 0 -19 5 -30 14 -30 8 0 17 -13 21 -30 4 -17 11
-30 16 -30 5 0 9 -7 9 -15 0 -8 7 -15 15 -15 8 0 15 -7 15 -15 0 -8 7 -15 15
-15 8 0 15 -7 15 -15 0 -8 7 -15 15 -15 8 0 15 7 15 15 0 8 -7 15 -15 15 -8 0
-15 7 -15 15 0 8 -7 15 -15 15 -10 0 -15 10 -15 30 0 20 -5 30 -15 30 -8 0
-15 7 -15 15 0 8 -4 15 -9 15 -5 0 -12 14 -16 30 -4 17 -13 30 -21 30 -9 0
-14 11 -14 29 0 19 -6 30 -18 33 -15 4 -17 13 -14 42 2 20 10 36 17 36 7 0 15
7 19 15 3 8 17 15 31 15 30 0 32 13 5 40 -27 27 -40 25 -40 -4 0 -25 -30 -43
-50 -31 -14 9 -8 271 7 286 9 9 13 3 18 -25 10 -50 25 -45 25 9 0 25 -4 45
-10 45 -5 0 -10 9 -10 20 0 17 7 20 40 20 30 0 40 4 40 16 0 8 -4 12 -10 9 -5
-3 -10 -2 -10 3 0 5 -9 19 -20 32 -21 25 -26 50 -10 50 6 0 27 -17 48 -39 20
-21 48 -42 62 -46 14 -4 27 -11 30 -15 3 -4 15 -10 28 -14 15 -5 24 -3 28 8 3
9 12 16 20 16 8 0 14 7 14 15 0 8 7 15 15 15 8 0 15 7 15 15 0 8 7 15 15 15 8
0 15 -7 15 -15 0 -9 9 -15 25 -15 14 0 28 7 31 15 5 11 21 15 60 15 30 0 54
-4 54 -9 0 -5 14 -12 30 -16 17 -4 30 -10 30 -15 0 -5 14 -11 30 -15 17 -4 30
-13 30 -21 0 -8 7 -14 15 -14 8 0 15 -7 15 -15 0 -8 7 -15 15 -15 9 0 15 -9
15 -25 0 -16 6 -25 15 -25 8 0 15 -7 15 -15 0 -8 7 -15 15 -15 30 0 14 41 -35
90 -28 28 -55 50 -60 50 -6 0 -10 7 -10 15 0 8 -7 15 -15 15 -8 0 -15 7 -15
15 0 8 -3 14 -7 14 -5 -1 -25 -1 -45 0 -27 1 -38 6 -38 16 0 12 -14 15 -70 15
-50 0 -70 4 -70 13 0 14 -35 47 -50 47 -6 0 -10 -16 -10 -35 0 -22 -6 -38 -15
-41 -8 -4 -15 -12 -15 -20 0 -8 -7 -14 -15 -14 -8 0 -15 -7 -15 -15 0 -8 -3
-15 -7 -15 -5 0 -18 -3 -30 -6 -17 -5 -23 -2 -23 10 0 9 -7 16 -15 16 -8 0
-15 6 -15 14 0 7 -12 16 -28 19 -21 4 -28 12 -30 31 -1 17 3 26 13 26 10 0 15
10 15 30 0 20 -5 30 -15 30 -8 0 -15 7 -15 15 0 8 7 15 15 15 10 0 15 10 15
30 0 20 5 30 15 30 8 0 15 7 15 15 0 8 7 15 15 15 8 0 15 7 15 15 0 8 7 15 15
15 8 0 15 7 15 15 0 8 7 15 15 15 8 0 15 7 15 15 0 8 7 15 15 15 8 0 15 5 15
10 0 6 6 10 14 10 8 0 22 7 30 16 16 15 74 17 69 2 -2 -5 -6 -8 -9 -7 -8 1
-24 -22 -24 -33 0 -14 29 -8 38 7 6 12 35 17 133 21 68 3 126 9 127 14 5 13
112 13 112 0 0 -5 -4 -10 -10 -10 -5 0 -10 -13 -10 -30 0 -20 -5 -30 -15 -30
-9 0 -15 -9 -15 -25 0 -18 -4 -23 -15 -19 -11 5 -15 -1 -15 -20 0 -16 -6 -26
-15 -26 -10 0 -15 -10 -15 -30 0 -20 -5 -30 -15 -30 -10 0 -15 -10 -15 -30 0
-20 -5 -30 -15 -30 -8 0 -15 -7 -15 -15 0 -10 -10 -15 -30 -15 -20 0 -30 5
-30 15 0 12 -13 15 -60 15 l-60 0 0 30 c0 37 -9 38 -34 3 -11 -14 -14 -23 -8
-19 7 4 12 3 12 -3 0 -26 33 -41 90 -41 42 0 59 -4 64 -15 3 -10 19 -15 46
-15 38 0 40 2 40 30 0 20 5 30 15 30 10 0 15 10 15 30 0 20 5 30 15 30 9 0 15
9 15 24 0 13 7 26 15 30 8 3 15 12 15 21 0 8 4 15 10 15 5 0 10 3 9 8 -3 18
15 52 27 52 8 0 14 10 14 25 0 20 5 25 25 25 14 0 25 -4 25 -10 0 -5 -4 -10
-10 -10 -5 0 -10 -9 -10 -19 0 -11 -7 -26 -15 -35 -8 -8 -15 -20 -15 -26 0 -6
-7 -13 -15 -16 -8 -4 -15 -17 -15 -30 0 -15 -6 -24 -15 -24 -10 0 -15 -10 -15
-30 0 -20 -5 -30 -15 -30 -10 0 -15 -10 -15 -30 0 -20 -5 -30 -15 -30 -11 0
-15 -12 -15 -45 0 -33 4 -45 15 -45 8 0 15 -7 15 -15 0 -8 7 -15 15 -15 10 0
15 -10 15 -27 0 -21 3 -24 9 -14 8 12 11 9 16 -12 4 -15 13 -27 21 -27 8 0 14
-7 14 -15 0 -9 9 -15 25 -15 14 0 25 5 25 11 0 14 -25 39 -39 39 -6 0 -11 7
-11 15 0 8 -7 15 -15 15 -8 0 -15 7 -15 15 0 8 -7 15 -15 15 -8 0 -15 7 -15
15 0 8 -7 15 -15 15 -11 0 -15 12 -15 45 0 33 4 45 15 45 8 0 15 7 15 15 0 8
4 15 9 15 5 0 12 14 16 30 4 17 10 30 15 30 5 0 11 14 15 30 4 17 10 30 15 30
4 0 11 12 15 27 3 15 11 30 16 34 6 3 11 15 12 27 3 41 63 38 104 -5 12 -13
27 -23 33 -23 5 0 10 -7 10 -15 0 -8 7 -15 15 -15 8 0 15 -7 15 -15 0 -8 7
-15 15 -15 10 0 15 -10 15 -30 0 -20 5 -30 15 -30 10 0 15 -10 15 -30 0 -20 5
-30 15 -30 8 0 15 -7 15 -15 0 -8 6 -15 13 -15 9 0 14 -16 16 -45 2 -44 1 -45
-29 -45 -21 0 -30 -5 -30 -16 0 -13 6 -15 28 -9 15 3 29 11 30 16 8 21 29 7
28 -18 -1 -20 -7 -27 -26 -30 -13 -2 -27 -8 -31 -14 -3 -6 -25 -13 -47 -16
-51 -7 -45 -23 9 -23 28 0 39 4 39 15 0 8 6 15 14 15 30 0 46 -13 46 -37 0
-15 5 -23 13 -20 16 5 15 143 -1 159 -7 7 -12 25 -12 40 0 16 -7 31 -15 34 -8
4 -15 17 -15 30 0 15 -6 24 -15 24 -10 0 -15 10 -15 30 0 20 -5 30 -15 30 -8
0 -15 7 -15 15 0 8 -7 15 -15 15 -9 0 -15 9 -15 25 0 16 -6 25 -15 25 -8 0
-15 7 -15 15 0 8 -7 15 -15 15 -8 0 -23 9 -32 20 -10 11 -23 20 -30 20 -7 0
-13 4 -13 10 0 5 -11 12 -25 16 -14 3 -25 10 -25 15 0 5 -9 9 -19 9 -11 0 -26
6 -33 13 -7 8 -31 17 -53 20 -22 4 -41 11 -43 17 -4 12 -152 14 -152 1 0 -10
34 -21 68 -21 15 0 22 -5 20 -12 -3 -9 -41 -14 -131 -16 -109 -2 -127 0 -127
13 0 11 11 15 39 15 22 0 43 5 46 10 4 6 11 8 16 5 5 -4 9 -1 9 4 0 17 -109
14 -126 -4 -9 -8 -28 -15 -44 -15 -16 0 -30 -7 -34 -15 -3 -8 -17 -15 -31 -15
-16 0 -25 -6 -25 -15 0 -8 -7 -15 -15 -15 -8 0 -15 -4 -15 -10 0 -5 -7 -10
-16 -10 -19 0 -104 -85 -104 -105 0 -8 -7 -15 -15 -15 -8 0 -15 -7 -15 -15 0
-8 -7 -15 -15 -15 -10 0 -15 -10 -15 -30 0 -20 -5 -30 -15 -30 -10 0 -15 10
-15 30 0 20 5 30 15 30 10 0 15 10 15 30 0 17 5 30 10 30 6 0 19 9 30 20 11
11 20 25 20 30 0 6 7 10 15 10 8 0 15 7 15 15 0 8 7 15 15 15 8 0 15 7 15 15
0 8 7 15 15 15 8 0 15 5 15 10 0 6 7 10 15 10 8 0 15 7 15 15 0 8 7 15 15 15
8 0 15 5 15 11 0 5 5 7 12 3 7 -4 8 -3 4 4 -5 8 4 12 29 12 22 0 38 6 41 15 4
9 19 15 35 15 19 0 29 5 29 15 0 12 13 15 55 15 42 0 55 3 55 15 0 12 -13 15
-60 15 -47 0 -60 -3 -60 -15 0 -11 -11 -15 -40 -15 -29 0 -40 -4 -40 -15 0
-10 -10 -15 -30 -15 -20 0 -30 -5 -30 -15 0 -10 -10 -15 -30 -15 -20 0 -30 -5
-30 -15 0 -8 -7 -15 -15 -15 -8 0 -15 -7 -15 -15 0 -8 -7 -15 -15 -15 -8 0
-15 -7 -15 -15 0 -8 -7 -15 -15 -15 -8 0 -15 -7 -15 -15 0 -8 -7 -15 -15 -15
-8 0 -15 -7 -15 -15 0 -8 -4 -15 -10 -15 -5 0 -12 -11 -16 -25 -3 -14 -10 -25
-15 -25 -5 0 -13 -8 -16 -17 -4 -10 -13 -24 -21 -32 -14 -15 -8 -63 9 -69 12
-5 12 -52 -1 -52 -5 0 -10 5 -10 10 0 6 -7 10 -15 10 -10 0 -15 -10 -15 -29 0
-16 -7 -36 -15 -45 -8 -8 -15 -27 -16 -43 0 -28 -16 -77 -19 -58 -1 6 -5 0
-11 -13 -16 -40 -29 -13 -29 59 0 55 3 69 15 69 11 0 15 12 15 45 0 33 -4 45
-15 45 -17 0 -21 26 -5 32 6 2 13 21 17 43 3 22 12 46 20 53 7 7 13 22 13 32
0 10 7 20 15 24 8 3 15 15 15 26 0 11 4 20 9 20 5 0 12 14 16 30 4 17 11 30
16 30 5 0 9 14 9 30 0 20 5 30 15 30 10 0 15 10 15 30 0 20 5 30 15 30 8 0 15
7 15 15 0 8 7 15 15 15 10 0 15 10 15 30 0 20 5 30 15 30 8 0 15 7 15 15 0 8
7 15 15 15 9 0 15 9 15 25 0 16 6 25 15 25 8 0 15 7 15 15 0 8 7 15 15 15 8 0
15 7 15 15 0 8 7 15 15 15 8 0 15 5 15 10 0 6 9 19 20 30 11 11 25 20 30 20 6
0 10 7 10 15 0 8 7 15 15 15 8 0 15 7 15 15 0 8 7 15 15 15 8 0 15 7 15 15 0
9 9 15 25 15 16 0 25 6 25 15 0 8 9 15 20 15 11 0 20 7 20 15 0 11 11 15 40
15 29 0 40 4 40 15 0 10 10 15 30 15 20 0 30 5 30 15 0 10 10 15 30 15 20 0
30 5 30 15 0 8 9 15 21 15 11 0 18 4 14 9 -5 9 21 20 40 16 6 -1 12 -12 13
-25z m-3018 -30 c0 -20 -5 -30 -15 -30 -10 0 -15 10 -15 30 0 20 5 30 15 30
10 0 15 -10 15 -30z m-32 -68 c2 -15 -2 -22 -12 -22 -11 0 -16 9 -16 26 0 31
23 28 28 -4z m1112 -7 c0 -8 6 -15 14 -15 8 0 16 -7 20 -15 3 -8 18 -15 33
-15 21 0 24 -3 14 -9 -12 -8 -9 -11 12 -16 15 -4 27 -13 27 -21 0 -8 5 -14 10
-14 6 0 19 -9 30 -20 12 -12 25 -18 29 -15 5 2 11 -2 15 -10 3 -8 12 -15 21
-15 8 0 15 -7 15 -15 0 -8 7 -15 15 -15 8 0 15 -4 15 -10 0 -5 6 -10 14 -10
19 0 76 -57 76 -76 0 -8 4 -14 9 -14 5 0 12 -13 16 -30 4 -16 11 -30 16 -30 5
0 9 -7 9 -15 0 -8 7 -15 15 -15 8 0 15 -7 15 -15 0 -8 7 -15 15 -15 8 0 15 -7
15 -15 0 -8 6 -15 14 -15 8 0 17 -7 20 -16 3 -8 10 -12 16 -9 5 3 10 0 10 -9
0 -8 13 -17 30 -21 17 -4 30 -11 30 -16 0 -14 65 -79 79 -79 6 0 11 -7 11 -15
0 -8 4 -15 10 -15 15 0 50 -33 44 -42 -3 -4 2 -8 11 -8 8 0 18 -7 21 -15 8
-19 24 -20 24 -1 0 8 7 16 15 20 9 3 15 19 15 41 0 28 4 35 20 35 11 0 20 -4
20 -10 0 -5 11 -12 25 -16 14 -3 25 -10 25 -15 0 -5 7 -9 15 -9 8 0 15 -6 15
-14 0 -8 14 -17 30 -21 17 -4 30 -11 30 -16 0 -5 7 -9 15 -9 12 0 15 -13 15
-60 0 -47 3 -60 15 -60 20 0 18 -77 -2 -84 -16 -7 -19 -206 -3 -206 6 0 10
-13 10 -30 0 -16 -4 -30 -10 -30 -5 0 -10 7 -10 15 0 8 -7 15 -15 15 -8 0 -15
5 -15 10 0 6 -7 10 -15 10 -8 0 -15 7 -15 15 0 8 -7 15 -15 15 -8 0 -15 7 -15
15 0 8 -7 15 -15 15 -8 0 -15 7 -15 15 0 8 -6 15 -14 15 -8 0 -35 20 -59 45
-25 25 -50 45 -56 45 -6 0 -11 7 -11 15 0 8 -7 15 -15 15 -8 0 -15 7 -15 15 0
8 -7 15 -15 15 -8 0 -15 7 -15 15 0 8 -7 15 -15 15 -8 0 -15 7 -15 15 0 8 -7
15 -15 15 -8 0 -15 7 -15 15 0 8 -7 15 -15 15 -8 0 -15 7 -15 15 0 8 -7 15
-15 15 -8 0 -15 7 -15 15 0 8 -7 15 -15 15 -8 0 -15 7 -15 15 0 8 -7 15 -15
15 -8 0 -15 7 -15 15 0 8 -5 15 -11 15 -7 0 -22 11 -35 25 -13 14 -28 25 -34
25 -5 0 -10 7 -10 15 0 8 -7 15 -15 15 -8 0 -15 7 -15 15 0 8 -6 15 -13 15 -7
0 -20 8 -28 18 -28 30 -79 72 -89 72 -5 0 -10 7 -10 15 0 8 -7 15 -15 15 -8 0
-15 7 -15 15 0 8 -7 15 -15 15 -8 0 -15 7 -15 15 0 8 -7 15 -15 15 -8 0 -15 7
-15 15 0 8 -7 15 -15 15 -8 0 -15 7 -15 15 0 8 -7 15 -15 15 -8 0 -15 7 -15
15 0 8 -7 15 -15 15 -8 0 -15 7 -15 15 0 8 -7 15 -15 15 -8 0 -15 7 -15 15 0
8 -7 15 -15 15 -8 0 -15 7 -15 15 0 8 -7 15 -15 15 -9 0 -15 9 -15 24 0 13 -7
26 -15 30 -25 9 -19 176 6 176 5 0 9 -7 9 -15z m-1140 -70 c0 -16 -6 -25 -15
-25 -9 0 -15 9 -15 25 0 16 6 25 15 25 9 0 15 -9 15 -25z m-30 -65 c0 -20 -5
-30 -15 -30 -10 0 -15 -10 -15 -30 0 -20 -5 -30 -15 -30 -8 0 -15 9 -15 19 0
11 7 26 15 35 8 8 15 26 15 40 0 16 6 26 15 26 10 0 15 -10 15 -30z m3328 1
c6 0 12 -8 12 -16 0 -8 7 -15 15 -15 8 0 15 -4 15 -9 0 -5 14 -12 30 -16 17
-4 30 -13 30 -21 0 -8 7 -14 15 -14 8 0 15 -4 15 -10 0 -5 11 -10 25 -10 14 0
28 -7 31 -15 4 -8 12 -15 19 -15 8 0 20 -6 27 -13 7 -8 26 -17 41 -21 15 -3
27 -11 27 -16 0 -6 14 -10 30 -10 20 0 30 -5 30 -15 0 -10 10 -15 30 -15 20 0
30 -5 30 -15 0 -11 12 -15 45 -15 33 0 45 -4 45 -15 0 -11 12 -15 45 -15 33 0
45 -4 45 -15 0 -11 12 -15 45 -15 31 0 44 -4 43 -12 -2 -9 14 -14 50 -16 35
-2 55 -8 59 -18 4 -10 24 -14 78 -14 43 0 75 -4 77 -11 2 -5 22 -13 46 -16
l42 -6 0 -43 c0 -32 4 -44 15 -44 11 0 15 12 15 51 0 61 23 64 28 4 2 -25 12
-47 27 -61 31 -29 44 -74 21 -74 -25 0 -56 32 -56 58 0 13 -5 22 -11 20 -6 -2
-10 -7 -10 -11 1 -4 1 -30 1 -58 0 -31 4 -48 10 -44 6 4 11 -8 12 -27 3 -55
-1 -83 -12 -86 -17 -6 -12 -62 5 -62 8 0 15 6 15 14 0 8 6 16 12 18 8 3 12 21
11 49 -3 63 4 87 28 94 30 10 59 42 59 65 0 11 -4 20 -8 20 -13 0 -52 36 -52
48 0 5 -7 12 -15 16 -9 3 -14 16 -13 31 2 25 3 25 90 25 72 0 88 -3 88 -15 0
-8 7 -15 15 -15 8 0 15 -7 15 -15 0 -8 7 -15 15 -15 11 0 15 -11 15 -40 0 -29
4 -40 15 -40 10 0 15 -10 15 -30 0 -20 5 -30 15 -30 11 0 15 -12 15 -44 l0
-43 86 -2 c60 -2 91 -7 101 -17 11 -10 42 -14 128 -14 91 0 114 -3 119 -15 4
-11 22 -15 76 -15 56 0 70 -3 70 -15 0 -9 9 -15 25 -15 14 0 34 -9 44 -19 17
-17 20 -38 23 -187 2 -122 6 -168 16 -172 9 -3 12 -41 12 -148 0 -121 2 -144
15 -144 13 0 15 -22 15 -135 0 -113 -2 -135 -15 -135 -8 0 -15 5 -15 11 0 5
-4 8 -9 5 -5 -3 -11 1 -15 9 -3 8 -11 15 -17 15 -6 0 -22 11 -35 25 -13 14
-28 25 -34 25 -5 0 -10 7 -10 15 0 8 -7 15 -15 15 -8 0 -15 7 -15 15 0 8 -7
15 -15 15 -8 0 -15 7 -15 15 0 9 -9 15 -25 15 -16 0 -25 6 -25 15 0 8 -7 15
-15 15 -8 0 -15 7 -15 15 0 8 -6 15 -14 15 -8 0 -16 7 -20 15 -3 9 -19 15 -41
15 -20 0 -43 7 -51 15 -9 8 -24 15 -35 15 -10 0 -19 7 -19 15 0 8 -7 15 -15
15 -8 0 -15 7 -15 15 0 8 -7 15 -15 15 -8 0 -15 4 -15 9 0 5 -10 13 -22 17
-28 8 -38 22 -38 54 -1 28 -21 60 -39 60 -6 0 -11 7 -11 15 0 8 -7 15 -15 15
-8 0 -15 7 -15 15 0 8 -9 15 -20 15 -11 0 -20 7 -20 15 0 8 -7 15 -15 15 -8 0
-15 7 -15 15 0 9 -9 15 -25 15 -16 0 -25 6 -25 15 0 8 -7 15 -15 15 -8 0 -15
7 -15 15 0 8 -7 15 -15 15 -8 0 -15 7 -15 15 0 8 -7 15 -15 15 -8 0 -15 7 -15
15 0 8 -7 15 -15 15 -8 0 -15 4 -15 9 0 5 -9 13 -21 16 -11 4 -38 25 -59 46
-21 21 -43 39 -49 39 -6 0 -11 7 -11 15 0 8 -6 15 -14 15 -7 0 -16 9 -19 20
-11 43 -27 19 -27 -40 0 -47 -3 -60 -15 -60 -11 0 -15 -12 -15 -45 0 -33 -4
-45 -15 -45 -10 0 -15 -10 -15 -30 0 -20 -5 -30 -15 -30 -10 0 -15 -10 -15
-30 0 -20 -5 -30 -15 -30 -8 0 -15 -7 -15 -15 0 -8 -7 -15 -15 -15 -8 0 -15
-5 -15 -11 0 -6 -13 -24 -30 -41 -16 -16 -30 -35 -30 -43 0 -7 -7 -15 -15 -19
-8 -3 -15 -12 -15 -21 0 -8 -5 -15 -11 -15 -6 0 -36 -25 -65 -55 -62 -63 -94
-72 -94 -26 0 16 -7 36 -15 45 -8 8 -15 19 -15 24 0 5 -15 13 -34 16 -19 4
-36 11 -38 16 -2 5 -27 10 -57 11 -58 3 -81 18 -81 54 0 12 -7 25 -15 29 -12
4 -15 32 -15 161 0 126 -3 159 -15 171 -8 9 -15 31 -15 50 0 19 -4 34 -10 34
-5 0 -12 16 -16 35 -3 19 -11 32 -16 29 -5 -3 -9 0 -7 7 4 31 -2 49 -15 49 -8
0 -17 14 -21 30 -4 17 -11 30 -16 30 -5 0 -9 7 -9 15 0 8 -7 15 -15 15 -9 0
-15 9 -15 25 0 14 -7 28 -15 31 -8 4 -15 12 -15 20 0 8 -5 14 -11 14 -7 0 -22
11 -35 25 -13 14 -28 25 -34 25 -5 0 -10 7 -10 15 0 8 -7 15 -15 15 -8 0 -15
7 -15 15 0 10 -10 15 -30 15 -20 0 -30 5 -30 15 0 10 -10 15 -30 15 -20 0 -30
5 -30 15 0 10 -10 15 -30 15 -20 0 -30 5 -30 15 0 10 -10 15 -30 15 -20 0 -30
5 -30 15 0 9 -9 15 -25 15 -21 0 -25 5 -25 30 0 20 5 30 15 30 8 0 15 7 15 15
0 8 7 15 15 15 8 0 15 5 15 10 0 6 9 20 20 32 10 12 17 26 13 31 -3 6 -1 7 5
3 6 -3 13 3 17 14 3 11 10 20 15 20 4 0 10 9 13 21 3 12 10 18 15 15 5 -3 12
3 15 14 4 14 12 18 33 16 16 -2 35 -4 42 -5z m2288 -41 c5 -5 96 -12 202 -16
105 -4 192 -10 192 -14 0 -4 77 -10 171 -13 107 -4 176 -11 185 -18 11 -9 14
-8 14 2 0 10 3 11 8 3 5 -8 64 -13 176 -15 124 -3 170 -7 174 -16 2 -9 32 -13
101 -13 84 0 99 -3 114 -20 9 -11 17 -31 17 -45 l0 -25 -126 0 c-69 0 -123 4
-120 9 8 13 -99 21 -270 21 -91 0 -154 4 -156 10 -4 13 -67 19 -205 19 -94 1
-113 4 -113 16 0 8 -9 15 -21 15 -11 0 -18 4 -15 9 14 22 -76 28 -94 6 -17
-20 -290 -22 -290 -2 0 8 -4 7 -10 -3 -5 -8 -10 -10 -10 -4 0 18 -39 24 -54 8
-8 -8 -19 -14 -25 -14 -6 0 -11 -21 -11 -50 0 -27 4 -50 9 -50 4 0 7 -12 4
-27 -3 -24 -2 -25 6 -8 7 14 10 -23 10 -117 1 -116 3 -138 16 -138 12 0 15
-19 15 -114 0 -92 3 -115 15 -120 12 -4 15 -27 15 -121 0 -85 3 -115 13 -116
9 0 9 -2 0 -6 -10 -3 -9 -8 2 -20 11 -11 15 -39 15 -114 0 -76 4 -104 15 -115
12 -12 15 -41 15 -125 0 -70 4 -109 11 -109 5 0 8 -4 4 -9 -3 -5 -1 -12 5 -16
6 -3 10 -49 10 -106 0 -54 4 -99 9 -99 5 0 12 -13 16 -30 6 -28 9 -30 54 -30
26 0 51 4 57 10 5 5 89 12 187 16 97 4 177 10 177 14 0 5 11 11 25 14 14 4 25
11 25 16 0 6 7 10 15 10 11 0 15 -11 15 -40 0 -37 -2 -39 -37 -46 -21 -4 -42
-10 -48 -14 -5 -5 -66 -10 -134 -12 -88 -2 -126 -7 -129 -15 -2 -9 -33 -13
-107 -13 -79 0 -107 -4 -119 -15 -8 -8 -32 -15 -55 -15 -40 0 -41 1 -41 35 0
22 -6 38 -15 41 -13 5 -15 35 -15 185 0 152 -2 179 -15 179 -13 0 -15 28 -15
190 0 162 -2 190 -15 190 -13 0 -15 21 -15 131 0 91 -4 134 -13 143 -9 9 -13
67 -15 202 -3 130 -7 191 -15 196 -8 5 -7 8 3 8 12 1 11 3 -2 11 -16 9 -18 28
-18 169 l0 160 108 0 c59 0 112 -4 118 -10z m-3888 -60 c2 -5 13 -10 25 -10
35 0 67 -11 61 -21 -3 -5 11 -9 30 -9 20 0 36 -5 36 -11 0 -5 5 -7 10 -4 6 3
10 1 10 -4 0 -6 14 -11 30 -11 20 0 30 -5 30 -15 0 -10 10 -15 30 -15 20 0 30
-5 30 -15 0 -10 10 -15 30 -15 20 0 30 -5 30 -15 0 -8 -7 -15 -15 -15 -8 0
-15 -7 -15 -15 0 -8 -7 -15 -15 -15 -10 0 -15 -10 -15 -30 0 -20 -5 -30 -15
-30 -9 0 -15 -9 -15 -24 0 -13 -7 -26 -15 -30 -10 -4 -15 -20 -15 -51 0 -39
-3 -45 -21 -45 -22 0 -96 67 -91 82 1 4 -5 8 -13 8 -9 0 -18 7 -21 15 -3 8
-15 17 -26 21 -12 3 -31 17 -43 30 -12 13 -27 24 -34 24 -6 0 -11 7 -11 15 0
8 -7 15 -15 15 -8 0 -15 7 -15 15 0 8 -7 15 -15 15 -8 0 -15 7 -15 15 0 8 -7
15 -15 15 -8 0 -15 7 -15 15 0 8 -4 15 -9 15 -5 0 -12 14 -16 30 -4 17 -10 30
-15 30 -12 0 -23 38 -14 51 9 15 167 4 172 -11z m4192 -55 c0 -10 10 -15 30
-15 20 0 30 -5 30 -15 0 -10 10 -15 29 -15 16 0 36 -7 45 -15 12 -12 50 -15
210 -15 160 0 197 -3 210 -15 12 -12 52 -15 235 -15 190 0 221 -2 221 -15 0
-13 -32 -15 -230 -15 -198 0 -230 2 -230 15 0 13 -32 15 -230 15 -198 0 -230
2 -230 15 0 8 -7 15 -15 15 -8 0 -15 7 -15 15 0 10 -10 15 -30 15 -27 0 -30
-3 -30 -30 0 -19 5 -30 14 -30 9 0 14 -18 15 -67 1 -47 6 -70 16 -76 10 -5 15
-24 15 -52 0 -25 5 -45 11 -45 5 0 7 -4 4 -10 -3 -5 -1 -10 4 -10 6 0 11 -20
11 -44 0 -24 5 -46 11 -48 6 -2 14 -28 17 -58 2 -30 9 -58 15 -61 5 -4 12 -30
15 -58 2 -28 8 -51 12 -51 5 0 11 -27 15 -60 4 -33 11 -60 15 -60 4 0 11 -27
15 -60 4 -33 11 -60 16 -60 5 0 9 -17 9 -37 0 -49 10 -84 21 -77 5 3 9 -17 9
-45 0 -31 6 -55 15 -65 9 -8 15 -33 15 -60 0 -26 6 -51 15 -60 8 -8 15 -32 15
-54 0 -26 5 -42 15 -46 11 -4 15 -21 15 -60 0 -35 5 -60 15 -70 8 -8 15 -26
15 -40 0 -16 6 -26 15 -26 8 0 15 -6 15 -14 0 -8 11 -17 25 -20 16 -4 27 -16
32 -34 3 -15 12 -33 20 -40 19 -20 18 -156 -2 -172 -10 -9 -15 -32 -15 -76 0
-42 -5 -67 -15 -78 -8 -8 -15 -32 -15 -55 0 -30 -4 -41 -15 -41 -11 0 -15 -12
-15 -45 0 -33 -4 -45 -15 -45 -11 0 -15 -12 -15 -45 0 -33 -4 -45 -15 -45 -11
0 -15 -12 -15 -45 0 -30 -4 -45 -13 -45 -8 0 -14 -15 -16 -41 -1 -23 -8 -48
-16 -56 -8 -8 -15 -30 -15 -49 0 -19 -4 -33 -9 -30 -10 6 -21 -26 -21 -61 0
-13 -6 -23 -13 -23 -7 0 -21 -20 -32 -45 -11 -25 -26 -45 -32 -45 -7 0 -13 -4
-13 -10 0 -13 -32 -50 -43 -50 -11 0 -37 -26 -37 -38 0 -6 -7 -12 -15 -16 -9
-3 -15 0 -15 8 0 8 -16 16 -42 19 -24 3 -44 11 -46 16 -2 6 -10 11 -18 11 -8
0 -14 7 -14 15 0 8 -7 15 -15 15 -8 0 -15 7 -15 15 0 8 7 15 15 15 10 0 15 10
15 30 0 20 5 30 15 30 10 0 15 10 15 29 0 16 7 34 15 41 8 7 15 25 15 40 0 16
7 30 15 34 9 3 15 18 15 36 0 20 5 30 15 30 9 0 15 10 15 26 0 14 7 32 15 40
8 9 15 29 15 45 0 19 5 29 15 29 10 0 15 10 15 30 0 17 4 30 10 30 5 0 12 16
16 35 3 19 10 33 14 30 8 -5 20 28 20 58 0 10 7 25 15 33 8 9 15 24 15 35 0
10 5 19 10 19 6 0 10 11 10 25 0 14 7 28 15 31 8 4 15 18 15 34 0 16 7 35 15
44 8 8 15 26 15 40 0 16 6 26 15 26 10 0 15 10 15 30 0 20 5 30 15 30 9 0 15
9 15 25 0 16 6 25 15 25 12 0 15 13 15 60 0 47 -3 60 -15 60 -8 0 -15 7 -15
15 0 8 -7 15 -15 15 -10 0 -15 10 -15 29 0 16 -6 31 -15 35 -10 3 -15 19 -15
45 0 22 -5 41 -11 43 -6 2 -14 28 -17 58 -2 30 -9 58 -15 61 -5 4 -12 30 -15
58 -2 28 -8 51 -12 51 -4 0 -10 27 -14 60 -4 33 -11 60 -15 60 -5 0 -11 27
-15 60 -4 33 -11 60 -16 60 -6 0 -10 20 -10 44 0 26 -6 51 -15 60 -9 9 -15 33
-15 60 0 26 -5 46 -11 46 -5 0 -7 5 -4 10 3 6 1 10 -4 10 -6 0 -11 20 -11 45
0 31 -5 47 -15 51 -10 4 -15 21 -15 54 0 55 -8 82 -21 74 -5 -3 -9 20 -9 50 0
43 -3 56 -15 56 -12 0 -15 13 -15 60 0 47 -3 60 -15 60 -12 0 -15 13 -15 55 0
42 -3 55 -15 55 -12 0 -15 17 -15 90 l0 90 30 0 c20 0 30 -5 30 -15z m-242
-34 c2 -6 29 -11 63 -11 46 0 59 -3 59 -15 0 -13 -20 -15 -142 -13 l-143 3 -3
29 -4 29 83 -6 c46 -3 85 -10 87 -16z m132 -86 c0 -8 5 -15 10 -15 6 0 10 -6
10 -14 0 -7 7 -19 15 -26 10 -8 15 -31 15 -71 0 -46 3 -59 15 -59 12 0 15 -13
15 -59 0 -43 4 -60 15 -65 11 -4 15 -21 15 -61 0 -42 3 -55 15 -55 8 0 14 -3
14 -7 -1 -5 -1 -32 0 -60 1 -40 5 -53 16 -53 12 0 15 -13 15 -56 0 -36 5 -61
15 -70 8 -9 15 -34 15 -57 0 -23 7 -51 15 -61 8 -11 15 -41 15 -67 0 -29 6
-51 15 -59 10 -8 15 -30 15 -60 0 -27 4 -50 10 -52 5 -1 13 -31 16 -65 4 -35
10 -63 14 -63 5 0 11 -27 15 -60 4 -33 11 -60 16 -60 5 0 9 -34 9 -75 l0 -75
-114 0 c-66 0 -116 -4 -118 -10 -4 -12 -199 -24 -214 -13 -6 4 -14 49 -17 98
-4 50 -7 92 -7 95 0 3 -4 -1 -9 -8 -5 -8 -10 38 -13 113 -3 71 -10 130 -15
133 -6 4 -13 54 -17 112 -7 128 -7 130 -18 130 -4 0 -8 40 -8 89 0 93 -6 125
-21 115 -5 -3 -9 47 -9 115 0 109 -2 121 -17 121 -15 0 -16 2 -3 10 10 6 11
10 3 10 -10 0 -13 26 -13 95 0 78 -3 95 -15 95 -12 0 -15 14 -15 70 l0 70 150
0 c127 0 150 -2 150 -15z m-770 -30 c0 -10 10 -15 34 -15 18 0 39 -7 46 -15 7
-8 25 -15 41 -15 19 0 29 -5 29 -15 0 -10 10 -15 30 -15 17 0 30 -4 30 -10 0
-5 11 -12 25 -16 14 -3 25 -12 25 -20 0 -8 7 -14 15 -14 8 0 15 -4 15 -9 0
-16 -39 -23 -88 -17 -26 4 -75 7 -109 8 -35 1 -63 5 -63 10 0 4 -7 8 -16 8 -8
0 -12 -4 -9 -10 4 -6 -8 -10 -29 -10 -20 0 -36 5 -36 10 0 6 -48 10 -122 10
-149 0 -168 4 -168 36 0 15 -6 24 -15 24 -8 0 -15 5 -15 11 0 6 7 17 15 25 8
9 15 24 15 35 0 18 9 19 175 19 149 0 175 -2 175 -15z m1356 0 c13 -13 59 -15
285 -15 239 0 269 2 269 16 0 9 6 14 13 11 6 -2 11 -10 10 -16 -2 -6 4 -11 12
-11 8 0 15 -7 15 -15 0 -8 7 -15 15 -15 9 0 15 -9 15 -25 0 -13 6 -28 14 -32
8 -4 16 -26 18 -48 2 -25 8 -39 16 -38 8 2 12 -11 12 -42 0 -33 4 -45 15 -45
11 0 15 -11 15 -40 0 -27 5 -43 15 -46 9 -4 15 -19 15 -35 0 -19 5 -29 15 -29
11 0 15 -12 15 -45 0 -33 4 -45 15 -45 11 0 15 -11 15 -39 0 -25 5 -41 15 -45
10 -3 15 -19 15 -46 0 -29 4 -40 15 -40 10 0 15 -11 15 -35 0 -19 5 -35 11
-35 5 0 7 -4 4 -10 -3 -5 -1 -10 4 -10 6 0 11 -13 11 -30 0 -16 5 -30 11 -30
5 0 8 -4 4 -9 -3 -5 -1 -12 5 -16 5 -3 10 -19 10 -36 0 -16 4 -29 10 -29 5 0
13 -18 16 -40 4 -22 10 -40 14 -40 4 0 10 -19 13 -42 3 -24 11 -44 16 -46 6
-2 11 -16 11 -32 0 -16 7 -30 15 -34 8 -3 15 -17 15 -31 l0 -25 -114 0 c-92 0
-115 -3 -120 -15 -4 -12 -32 -15 -160 -15 -127 0 -155 -3 -160 -15 -4 -12 -30
-15 -145 -15 -109 0 -140 -3 -144 -14 -4 -10 -31 -14 -106 -15 l-101 -2 0 46
c0 33 -4 45 -15 45 -12 0 -15 13 -15 60 0 47 -3 60 -15 60 -12 0 -15 13 -15
60 0 47 -3 60 -15 60 -11 0 -15 13 -15 54 0 39 -4 55 -15 60 -11 4 -15 21 -15
61 0 42 -3 55 -15 55 -12 0 -15 13 -15 56 0 36 -5 61 -15 70 -9 9 -15 34 -15
59 0 24 -5 45 -11 47 -6 2 -14 28 -17 58 -2 30 -9 58 -15 62 -6 3 -12 31 -15
62 -2 31 -8 56 -12 56 -5 0 -11 27 -15 60 -4 33 -10 60 -15 60 -4 0 -10 24
-13 52 -4 29 -11 54 -17 56 -5 2 -10 17 -10 33 l0 29 156 0 c125 0 158 -3 170
-15z m-4936 -91 c0 -8 7 -14 15 -14 8 0 15 -6 15 -12 0 -7 14 -22 30 -33 38
-25 42 -65 6 -65 -13 0 -26 7 -30 15 -3 8 -12 15 -20 15 -8 0 -16 5 -18 12 -3
7 -27 11 -66 11 -53 -1 -66 -5 -85 -25 -28 -30 -52 -40 -83 -32 -22 6 -24 11
-24 60 0 53 1 54 29 54 16 0 31 -5 33 -11 2 -5 22 -13 46 -16 34 -5 42 -3 42
11 0 9 7 16 15 16 8 0 15 6 15 14 0 8 8 16 18 18 29 6 62 -4 62 -18z m3346
-74 c14 0 22 -4 19 -10 -4 -7 87 -10 264 -10 l271 0 0 -45 c0 -41 -2 -45 -24
-45 -13 0 -26 6 -28 13 -4 9 -71 13 -281 15 -234 2 -277 5 -277 17 0 8 -7 15
-15 15 -8 0 -15 4 -15 9 0 5 7 11 15 15 8 3 15 13 15 22 0 11 5 14 16 10 9 -3
27 -6 40 -6z m-4461 -10 c4 -6 -15 -10 -49 -10 -31 0 -56 5 -56 10 0 6 22 10
49 10 28 0 53 -4 56 -10z m535 -30 c0 -6 -50 -10 -132 -9 -84 0 -126 4 -113 9
29 12 245 12 245 0z m4368 -86 c4 -5 30 -11 57 -13 85 -4 85 -4 85 -82 0 -55
-3 -69 -15 -69 -8 0 -15 7 -15 15 0 12 -14 15 -69 15 -79 0 -111 8 -89 21 7 5
-29 9 -89 9 -104 0 -137 5 -127 21 3 5 -35 9 -85 9 -74 0 -91 3 -91 15 0 8 -7
15 -15 15 -10 0 -15 10 -15 28 l0 28 230 -1 c151 0 233 -4 238 -11z m-3554
-29 c8 -8 19 -15 25 -15 6 0 11 -7 11 -15 0 -8 7 -15 15 -15 8 0 15 -7 15 -15
0 -8 7 -15 15 -15 8 0 15 -7 15 -15 0 -8 7 -15 15 -15 8 0 15 -7 15 -15 0 -8
7 -15 15 -15 8 0 15 -7 15 -15 0 -8 7 -15 15 -15 8 0 15 -7 15 -16 0 -8 4 -12
10 -9 5 3 17 -4 27 -16 39 -46 75 -79 89 -79 8 0 14 -7 14 -15 0 -8 7 -15 15
-15 8 0 15 -7 15 -15 0 -8 7 -15 15 -15 8 0 15 -4 15 -10 0 -5 7 -10 15 -10 8
0 15 -7 15 -15 0 -8 7 -15 15 -15 8 0 15 -7 15 -15 0 -8 7 -15 15 -15 8 0 15
-7 15 -15 0 -8 7 -15 15 -15 8 0 15 -7 15 -15 0 -8 7 -15 15 -15 9 0 15 -10
15 -26 0 -14 7 -32 15 -40 10 -10 15 -35 15 -75 0 -40 5 -65 15 -75 9 -9 15
-34 15 -59 0 -29 5 -45 15 -49 11 -4 15 -21 15 -61 0 -48 -3 -55 -19 -55 -11
0 -22 6 -25 13 -5 10 -7 10 -12 0 -4 -10 -87 -13 -365 -13 -238 0 -358 -3
-354 -10 3 -5 1 -10 -4 -10 -6 0 -11 5 -11 10 0 16 -40 12 -46 -5 -5 -11 -22
-15 -70 -15 l-64 0 0 85 c0 67 -3 87 -15 91 -12 5 -15 25 -15 95 0 72 -3 89
-15 89 -12 0 -15 18 -15 99 0 79 -3 100 -15 105 -12 4 -15 27 -15 116 0 83 -3
109 -12 108 -9 -2 -14 19 -16 75 -2 42 -7 77 -13 77 -5 0 -4 7 3 15 19 22 450
22 472 0z m2771 -311 c12 -13 27 -24 34 -24 6 0 11 -6 11 -14 0 -7 9 -16 21
-19 12 -3 18 -10 14 -16 -3 -6 1 -11 9 -11 9 0 16 -7 16 -15 0 -8 7 -15 15
-15 9 0 18 -7 21 -15 4 -8 17 -15 30 -15 15 0 24 -6 24 -15 0 -8 7 -15 15 -15
8 0 15 -7 15 -15 0 -8 7 -15 15 -15 8 0 15 -7 15 -15 0 -8 7 -15 15 -15 8 0
15 -7 15 -15 0 -8 7 -15 15 -15 8 0 15 -7 15 -15 0 -9 9 -15 24 -15 45 0 50
-65 6 -100 -16 -14 -29 -33 -30 -43 0 -10 -7 -20 -15 -23 -8 -4 -15 -12 -15
-19 0 -7 -12 -15 -26 -18 -20 -3 -28 0 -31 14 -3 11 -12 19 -19 19 -8 0 -14 5
-14 10 0 6 -7 10 -15 10 -8 0 -15 6 -15 14 0 8 -11 17 -25 20 -14 4 -43 24
-64 45 -22 22 -48 42 -60 46 -12 3 -21 11 -21 16 0 5 -7 9 -15 9 -8 0 -15 7
-15 15 0 8 -7 15 -15 15 -8 0 -15 7 -15 15 0 8 -9 15 -20 15 -11 0 -20 7 -20
15 0 9 -9 15 -25 15 -16 0 -25 -6 -25 -15 0 -8 7 -15 15 -15 8 0 15 -7 15 -15
0 -8 6 -15 14 -15 8 0 16 -7 20 -15 3 -8 15 -15 26 -15 11 0 20 -7 20 -15 0
-8 7 -15 15 -15 9 0 18 -7 21 -15 4 -8 11 -15 16 -15 6 0 21 -11 34 -25 13
-14 32 -25 44 -25 11 0 20 -7 20 -15 0 -8 7 -15 15 -15 8 0 15 -7 15 -15 0
-10 10 -15 30 -15 20 0 30 -5 30 -15 0 -8 7 -15 15 -15 8 0 15 -7 15 -15 0
-11 12 -15 44 -15 26 0 51 -6 60 -15 8 -8 22 -15 30 -15 24 0 19 27 -5 33 -12
3 -18 10 -14 16 3 6 -1 11 -9 11 -20 0 -21 16 -1 24 8 3 15 12 15 21 0 8 7 15
15 15 8 0 15 7 15 15 0 9 9 15 25 15 16 0 25 -6 25 -15 0 -8 7 -15 15 -15 8 0
15 -7 15 -15 0 -8 7 -15 15 -15 9 0 18 -7 21 -15 4 -8 17 -15 30 -15 15 0 24
-6 24 -15 0 -8 7 -15 15 -15 10 0 15 -10 15 -30 0 -20 -5 -30 -15 -30 -10 0
-15 -10 -15 -30 0 -27 -3 -30 -30 -30 -20 0 -30 5 -30 15 0 8 -7 15 -15 15 -8
0 -15 7 -15 15 0 8 -5 15 -11 15 -6 0 -17 7 -26 15 -8 9 -22 15 -31 13 -21 -4
-28 -28 -8 -28 9 0 19 -7 22 -15 4 -8 12 -15 20 -15 8 0 14 -7 14 -15 0 -9 9
-15 25 -15 22 0 25 -4 25 -36 0 -29 8 -44 34 -70 19 -18 46 -36 60 -40 14 -3
26 -12 26 -20 0 -8 7 -14 15 -14 8 0 15 -4 15 -10 0 -5 7 -10 15 -10 8 0 15
-7 15 -15 0 -8 7 -15 15 -15 8 0 15 -6 15 -14 0 -8 11 -17 25 -20 14 -4 25
-11 25 -16 0 -6 6 -10 13 -10 14 0 53 -41 49 -52 -1 -5 7 -8 18 -8 11 0 20 -7
20 -15 0 -9 9 -15 25 -15 16 0 25 -6 25 -15 0 -8 7 -15 15 -15 8 0 15 -7 15
-15 0 -8 7 -15 15 -15 8 0 15 -7 15 -15 0 -10 -10 -15 -30 -15 -20 0 -30 5
-30 15 0 8 -7 15 -15 15 -8 0 -15 7 -15 15 0 9 -9 15 -25 15 -16 0 -25 6 -25
15 0 8 -7 15 -15 15 -8 0 -15 7 -15 15 0 8 -9 15 -20 15 -11 0 -20 7 -20 15 0
8 -6 15 -14 15 -8 0 -16 7 -20 15 -3 8 -15 15 -26 15 -11 0 -20 7 -20 15 0 8
-7 15 -15 15 -8 0 -15 7 -15 15 0 8 -7 15 -15 15 -8 0 -15 4 -15 9 0 5 -13 12
-30 16 -16 4 -30 13 -30 21 0 8 -7 14 -15 14 -8 0 -15 5 -15 10 0 6 -7 10 -15
10 -8 0 -15 6 -15 14 0 8 -10 16 -23 20 -13 3 -36 17 -51 31 -15 14 -31 25
-37 25 -5 0 -9 7 -9 15 0 9 -9 15 -25 15 -16 0 -25 6 -25 15 0 8 -7 15 -15 15
-8 0 -15 7 -15 15 0 8 -9 15 -20 15 -11 0 -20 7 -20 15 0 8 -3 14 -7 14 -25
-4 -43 3 -43 16 0 8 -7 15 -15 15 -8 0 -15 7 -15 15 0 9 -9 15 -24 15 -13 0
-26 7 -30 15 -3 8 -12 15 -21 15 -8 0 -15 7 -15 15 0 8 -7 15 -15 15 -8 0 -15
4 -15 9 0 5 -10 13 -22 16 -11 4 -31 18 -43 31 -12 13 -25 24 -29 24 -4 0 -20
14 -36 30 -16 17 -38 30 -50 30 -11 0 -20 7 -20 15 0 8 -4 15 -10 15 -5 0 -19
9 -30 20 -24 24 -26 40 -5 40 8 0 15 7 15 15 0 8 7 15 15 15 8 0 15 6 15 14 0
8 7 16 15 20 10 3 15 19 15 46 0 29 4 40 15 40 11 0 15 11 15 40 0 22 4 40 9
40 5 0 13 9 16 20 8 26 38 19 70 -16z m-2155 16 c0 -5 -4 -10 -10 -10 -5 0
-10 5 -10 10 0 6 5 10 10 10 6 0 10 -4 10 -10z m1940 -319 c0 -5 14 -12 30
-16 17 -4 30 -13 30 -21 0 -8 5 -14 10 -14 6 0 21 -11 33 -24 12 -13 32 -26
45 -30 12 -4 22 -12 22 -17 0 -5 7 -9 15 -9 8 0 15 -7 15 -15 0 -8 7 -15 15
-15 9 0 18 -7 21 -15 4 -8 17 -15 30 -15 15 0 24 -6 24 -15 0 -8 7 -15 15 -15
8 0 15 -7 15 -15 0 -8 6 -15 14 -15 8 0 16 -7 20 -15 3 -8 17 -15 31 -15 16 0
25 -6 25 -15 0 -8 7 -15 15 -15 8 0 15 -7 15 -15 0 -8 5 -15 11 -15 6 0 17 -7
25 -15 9 -8 24 -15 35 -15 10 0 19 -7 19 -15 0 -8 5 -15 11 -15 7 0 22 -11 34
-24 12 -13 32 -27 43 -31 12 -3 22 -11 22 -16 0 -5 8 -13 18 -16 9 -4 27 -17
39 -30 12 -13 31 -23 43 -23 11 0 20 -7 20 -15 0 -8 7 -15 15 -15 8 0 15 -7
15 -15 0 -8 7 -15 15 -15 8 0 15 -7 15 -15 0 -9 9 -15 25 -15 14 0 28 -7 31
-15 4 -8 12 -15 20 -15 8 0 14 -7 14 -15 0 -8 7 -15 15 -15 8 0 15 -7 15 -15
0 -9 9 -15 25 -15 16 0 25 -6 25 -15 0 -8 6 -15 13 -15 6 -1 23 -14 37 -30 13
-17 34 -30 46 -30 15 0 24 -8 28 -25 4 -14 11 -25 16 -25 16 0 12 -27 -5 -34
-8 -3 -15 -17 -15 -31 0 -21 -5 -25 -30 -25 -16 0 -30 5 -30 10 0 6 -11 10
-24 10 -14 0 -31 6 -38 14 -8 7 -29 17 -46 21 -18 3 -32 11 -32 16 0 5 -13 9
-30 9 -20 0 -30 5 -30 15 0 8 -7 15 -15 15 -10 0 -15 10 -15 30 0 20 -5 30
-15 30 -11 0 -15 12 -15 45 0 33 -4 45 -15 45 -8 0 -15 7 -15 15 0 9 -9 15
-25 15 -16 0 -25 6 -25 15 0 8 -9 15 -20 15 -11 0 -20 7 -20 15 0 8 -7 15 -15
15 -8 0 -15 4 -15 9 0 5 -9 13 -21 16 -11 4 -33 19 -48 33 -44 41 -74 62 -88
62 -7 0 -13 5 -13 10 0 6 -7 10 -15 10 -8 0 -15 7 -15 15 0 8 -7 15 -15 15 -8
0 -15 7 -15 15 0 9 -9 15 -25 15 -14 0 -28 7 -31 15 -4 8 -12 15 -20 15 -8 0
-14 7 -14 15 0 8 -7 15 -15 15 -8 0 -15 7 -15 15 0 9 -9 15 -25 15 -16 0 -25
6 -25 15 0 10 -10 15 -30 15 -20 0 -30 -5 -30 -15 0 -8 -6 -15 -14 -15 -8 0
-17 -12 -21 -27 -3 -15 -17 -37 -31 -50 -13 -12 -24 -27 -24 -33 0 -5 -7 -10
-15 -10 -8 0 -15 -7 -15 -15 0 -8 -7 -15 -15 -15 -8 0 -15 -4 -15 -10 0 -5 -7
-10 -15 -10 -8 0 -15 5 -15 10 0 6 -13 10 -30 10 -20 0 -30 5 -30 15 0 10 -10
15 -29 15 -16 0 -36 7 -45 15 -8 8 -26 15 -39 15 -14 0 -27 7 -31 15 -3 9 -18
15 -36 15 -20 0 -30 5 -30 15 0 9 -9 15 -25 15 -16 0 -25 6 -25 15 0 8 -7 15
-15 15 -8 0 -15 4 -15 10 0 15 33 50 47 50 7 0 13 4 13 10 0 5 11 12 25 16 14
3 25 12 25 20 0 8 9 14 20 14 11 0 20 7 20 15 0 8 5 15 11 15 6 0 17 6 25 14
8 8 14 19 14 25 0 6 7 11 15 11 8 0 15 7 15 15 0 8 7 15 15 15 8 0 15 7 15 15
0 8 7 15 15 15 8 0 15 7 15 15 0 8 7 15 15 15 8 0 15 7 15 15 0 8 7 15 15 15
8 0 15 -4 15 -9z m-500 -120 c0 -5 24 -10 53 -13 68 -6 97 -29 97 -80 0 -27
-4 -38 -15 -38 -8 0 -15 -7 -15 -15 0 -8 -7 -15 -15 -15 -8 0 -15 -7 -15 -15
0 -8 7 -15 15 -15 10 0 15 -10 15 -30 0 -27 -3 -30 -30 -30 -20 0 -30 -5 -30
-15 0 -12 -15 -15 -74 -15 -56 0 -75 4 -80 15 -3 8 -16 15 -28 15 -23 0 -63
20 -42 20 7 0 15 16 18 35 4 19 11 35 16 35 6 0 10 14 10 30 0 20 5 30 15 30
8 0 14 3 14 8 -4 24 3 53 16 66 8 8 15 19 15 25 0 6 14 11 30 11 17 0 30 -4
30 -9z m1380 -146 c0 -8 7 -15 15 -15 8 0 15 -4 15 -10 0 -5 11 -12 25 -16 14
-3 25 -12 25 -20 0 -8 7 -14 15 -14 9 0 18 -7 21 -15 4 -8 12 -15 20 -15 8 0
14 -7 14 -15 0 -8 7 -15 15 -15 8 0 15 -4 15 -10 0 -5 11 -12 25 -16 14 -3 25
-12 25 -20 0 -8 5 -14 10 -14 6 0 21 -11 34 -25 13 -14 28 -25 35 -25 6 0 11
-7 11 -15 0 -8 7 -15 15 -15 8 0 15 -7 15 -16 0 -9 8 -23 18 -30 16 -13 16
-13 0 -14 -14 0 -18 -9 -19 -37 -1 -21 -1 -41 0 -45 0 -5 -6 -8 -14 -8 -10 0
-15 -10 -15 -30 0 -27 -3 -30 -30 -30 -20 0 -30 5 -30 15 0 8 -7 15 -15 15 -8
0 -15 7 -15 15 0 8 -7 15 -15 15 -8 0 -15 7 -15 15 0 8 -7 15 -15 15 -8 0 -15
4 -15 10 0 5 -11 12 -25 16 -14 3 -25 12 -25 20 0 8 -6 14 -12 14 -7 1 -24 14
-38 30 -13 17 -30 30 -37 30 -7 0 -13 4 -13 9 0 5 -10 13 -22 16 -11 4 -31 18
-43 31 -12 13 -27 24 -34 24 -6 0 -11 7 -11 15 0 8 -6 15 -14 15 -19 0 -46 27
-46 46 0 8 7 14 15 14 8 0 15 7 15 15 0 8 7 15 15 15 8 0 15 7 15 15 0 8 7 15
15 15 8 0 15 7 15 15 0 8 7 15 15 15 8 0 15 7 15 15 0 8 7 15 15 15 8 0 15 -7
15 -15z m2314 -60 c-5 -12 -26 -15 -105 -15 -81 0 -99 3 -99 15 0 12 18 15
105 15 89 0 104 -2 99 -15z m-5134 -29 c0 -12 -41 -15 -257 -16 -191 0 -259
-4 -265 -13 -5 -9 -64 -13 -208 -16 -178 -3 -200 -1 -200 13 0 14 17 16 124
16 126 0 160 5 150 21 -3 5 133 9 325 9 281 0 331 -2 331 -14z m4870 -1 c0
-12 -14 -15 -69 -15 -85 0 -161 10 -161 21 0 5 52 9 115 9 96 0 115 -3 115
-15z m-6650 -45 c0 -20 5 -30 15 -30 10 0 15 -10 15 -30 0 -20 -5 -30 -15 -30
-10 0 -15 10 -15 30 0 20 -5 30 -15 30 -10 0 -15 10 -15 30 0 20 5 30 15 30
10 0 15 -10 15 -30z m3430 15 c0 -11 11 -15 40 -15 29 0 40 -4 40 -15 0 -10
10 -15 29 -15 16 0 31 -6 35 -15 3 -8 16 -15 28 -15 13 0 32 -7 42 -15 11 -8
30 -15 43 -15 46 0 63 -28 63 -102 0 -54 3 -68 15 -68 10 0 15 -10 15 -30 0
-29 2 -30 44 -30 30 0 46 -5 50 -15 4 -11 20 -15 56 -15 38 0 50 -4 50 -15 0
-11 12 -15 45 -15 33 0 45 -4 45 -15 0 -10 10 -15 29 -15 16 0 31 -5 33 -12 2
-6 30 -13 61 -16 31 -2 55 -8 52 -12 -6 -10 30 -20 72 -20 17 0 33 -6 36 -12
2 -9 24 -13 62 -13 38 0 60 4 63 13 4 14 62 17 62 3 0 -5 14 -12 30 -16 17 -4
30 -10 30 -15 0 -4 18 -11 40 -15 22 -4 40 -11 40 -16 0 -5 9 -9 19 -9 11 0
26 -7 35 -15 8 -8 26 -15 40 -15 22 0 26 -5 26 -29 0 -16 -6 -31 -15 -35 -8
-3 -15 -16 -15 -30 0 -13 -4 -26 -10 -28 -5 -1 -11 -14 -13 -27 -2 -14 -9 -27
-15 -29 -7 -2 -12 -17 -12 -33 0 -19 -5 -29 -15 -29 -8 0 -14 -6 -12 -12 3
-20 -62 -23 -69 -4 -5 12 -20 16 -60 16 -41 0 -54 4 -54 15 0 11 -12 15 -50
15 -36 0 -52 4 -56 15 -4 11 -21 15 -55 15 -37 0 -49 4 -49 15 0 12 -13 15
-55 15 -42 0 -55 3 -55 15 0 12 -13 15 -60 15 -47 0 -60 3 -60 15 0 12 -13 15
-55 15 -42 0 -55 3 -55 15 0 11 -12 15 -44 15 -24 0 -46 5 -48 11 -2 6 -28 14
-58 17 -30 2 -58 9 -61 15 -4 5 -30 12 -59 15 -34 3 -47 8 -38 13 10 7 8 9 -7
10 -11 1 -24 3 -30 4 -5 2 -25 3 -43 4 -18 0 -31 5 -27 10 3 6 -11 13 -31 17
-46 9 -195 -1 -203 -14 -3 -5 -24 -12 -45 -15 -22 -4 -42 -11 -45 -16 -4 -6
-24 -11 -45 -13 -21 -1 -40 -8 -43 -15 -4 -10 -38 -13 -132 -13 -85 0 -121 3
-111 10 13 9 13 10 0 10 -68 2 -166 14 -171 22 -3 5 -23 11 -45 15 -21 3 -42
11 -45 16 -4 5 -30 12 -58 15 -48 4 -51 6 -51 32 0 16 7 30 15 34 8 3 15 15
15 26 0 11 7 20 15 20 8 0 15 7 15 15 0 8 7 15 15 15 8 0 15 5 15 10 0 6 11
21 24 33 14 13 28 35 31 50 5 20 13 27 31 27 15 0 24 6 24 15 0 10 10 15 30
15 20 0 30 5 30 15 0 8 9 15 20 15 11 0 20 4 20 10 0 5 11 12 25 16 14 3 25
12 25 20 0 8 7 14 15 14 8 0 15 5 15 10 0 6 7 10 15 10 8 0 15 6 15 13 1 6 14
23 30 37 17 13 30 28 30 33 0 36 97 52 127 21 13 -13 34 -15 101 -12 57 2 87
7 90 16 2 6 10 12 18 12 8 0 14 7 14 15 0 11 12 15 45 15 33 0 45 -4 45 -15z
m3520 -5 c30 -30 24 -40 -23 -40 -24 0 -48 -5 -55 -12 -7 -7 -68 -13 -164 -16
-84 -3 -155 -8 -158 -13 -3 -4 -80 -11 -170 -15 -91 -4 -167 -10 -170 -14 -3
-5 -43 -10 -90 -11 -72 -3 -85 -1 -88 13 -2 8 4 23 13 31 8 9 15 20 15 25 0 5
39 12 87 16 48 3 90 10 93 15 3 5 115 10 249 13 178 3 246 7 249 16 2 8 34 12
98 12 81 0 97 -3 114 -20z m-1006 -34 c7 -27 -1 -56 -15 -56 -5 0 -9 -6 -9
-14 0 -20 -12 -26 -38 -19 -15 3 -22 13 -22 29 0 13 -7 27 -16 32 -27 15 12
50 57 51 31 1 38 -3 43 -23z m1056 -76 c0 -5 -7 -10 -15 -10 -10 0 -15 -11
-15 -35 0 -23 -4 -34 -12 -32 -8 1 -14 -10 -16 -25 -2 -16 -8 -28 -13 -28 -5
0 -9 -6 -9 -13 0 -7 -9 -29 -20 -50 -11 -20 -20 -44 -20 -53 0 -8 -7 -22 -15
-30 -8 -9 -15 -26 -15 -40 0 -13 -4 -24 -9 -24 -5 0 -12 -20 -15 -45 -4 -25
-11 -45 -17 -45 -5 0 -9 -11 -9 -25 0 -14 -7 -28 -15 -31 -10 -4 -15 -20 -15
-45 0 -28 -4 -39 -15 -39 -10 0 -15 -10 -15 -30 0 -20 -5 -30 -15 -30 -10 0
-15 -10 -15 -30 0 -20 -5 -30 -15 -30 -10 0 -15 -10 -15 -30 0 -20 -5 -30 -15
-30 -11 0 -15 -11 -15 -40 0 -29 -4 -40 -15 -40 -8 0 -15 -6 -15 -14 0 -8 -16
-15 -41 -19 -23 -3 -45 -10 -48 -15 -3 -5 -42 -12 -85 -15 -43 -3 -82 -10 -85
-15 -3 -5 -37 -11 -75 -14 -42 -2 -71 -9 -74 -16 -2 -8 -33 -12 -92 -12 -64 0
-93 -4 -103 -15 -11 -10 -44 -14 -127 -16 -84 -1 -113 -5 -117 -15 -3 -8 -18
-14 -34 -14 -28 0 -29 1 -29 55 0 40 4 57 15 61 10 4 15 20 15 45 0 28 4 39
15 39 11 0 15 12 15 50 0 35 4 49 13 47 8 -1 13 16 15 56 2 42 7 57 17 57 11
0 15 12 15 40 0 27 5 43 15 46 8 4 15 16 15 29 0 13 7 25 15 29 8 3 15 17 15
31 0 16 6 25 15 25 8 0 15 6 15 14 0 8 7 16 15 20 12 4 15 28 15 130 0 104 3
125 16 130 9 3 60 6 114 6 68 0 100 4 102 12 3 8 45 13 134 16 78 3 132 9 136
15 4 7 58 13 137 15 72 3 131 8 131 12 0 4 50 11 110 15 61 4 110 11 110 16 0
5 14 9 30 9 17 0 30 -4 30 -10z m-6940 -24 c0 -22 -11 -46 -21 -46 -5 0 -9 14
-9 30 0 20 5 30 15 30 8 0 15 -6 15 -14z m30 -76 c0 -29 1 -30 48 -30 63 0
122 -11 122 -21 0 -5 -38 -9 -85 -9 -69 0 -85 3 -85 15 0 8 -7 15 -15 15 -10
0 -15 10 -15 30 0 20 5 30 15 30 10 0 15 -10 15 -30z m2016 15 c4 -8 17 -15
30 -15 15 0 24 -6 24 -15 0 -10 10 -15 30 -15 18 0 33 -6 36 -15 4 -9 19 -15
35 -15 19 0 29 -5 29 -15 0 -8 7 -15 15 -15 8 0 15 -7 15 -15 0 -8 5 -15 10
-15 15 0 12 -17 -7 -40 -11 -13 -30 -20 -53 -20 -34 0 -70 26 -70 50 0 6 -13
10 -30 10 -20 0 -30 5 -30 15 0 8 -7 15 -15 15 -10 0 -15 10 -15 30 0 20 -5
30 -15 30 -8 0 -15 7 -15 15 0 8 -7 15 -15 15 -8 0 -15 7 -15 15 0 9 9 15 25
15 14 0 28 -7 31 -15z m-1631 -35 c4 -6 -13 -10 -44 -10 -28 0 -51 5 -51 10 0
6 20 10 44 10 25 0 48 -4 51 -10z m5235 -39 c0 -21 -5 -31 -15 -31 -8 0 -15
-7 -15 -15 0 -8 -7 -15 -15 -15 -8 0 -15 -7 -15 -15 0 -12 -19 -15 -110 -15
-89 0 -112 -3 -116 -15 -5 -12 -27 -15 -114 -15 -83 0 -110 -3 -120 -15 -7 -9
-29 -15 -51 -15 -35 0 -39 -3 -39 -25 0 -14 -7 -28 -15 -31 -8 -4 -15 -18 -15
-34 0 -18 -6 -29 -18 -32 -15 -4 -17 -13 -14 -42 3 -28 1 -36 -12 -36 -11 0
-16 -9 -16 -30 0 -20 -5 -30 -15 -30 -10 0 -15 -10 -15 -30 0 -20 -5 -30 -15
-30 -10 0 -15 -10 -15 -30 0 -20 5 -30 15 -30 10 0 15 10 15 30 0 20 5 30 15
30 10 0 15 10 15 30 0 20 5 30 15 30 9 0 15 10 15 26 0 14 7 32 15 40 8 9 15
28 15 44 0 16 7 30 15 34 8 3 15 13 15 21 0 9 5 13 10 10 6 -3 13 1 16 9 3 9
17 16 30 16 12 0 28 8 33 18 6 9 11 11 11 5 0 -14 40 -18 40 -4 0 5 56 10 125
13 79 2 129 8 137 16 7 7 36 12 65 12 52 0 53 0 53 -30 0 -16 -4 -30 -9 -30
-5 0 -12 -13 -16 -30 -4 -16 -10 -30 -15 -30 -4 0 -10 -18 -14 -40 -3 -22 -11
-40 -16 -40 -6 0 -10 -13 -10 -30 0 -20 -5 -30 -15 -30 -10 0 -15 -10 -15 -34
0 -19 -7 -41 -15 -50 -8 -8 -15 -26 -15 -40 0 -17 -5 -26 -16 -26 -12 0 -15
-8 -12 -33 3 -29 1 -33 -14 -29 -15 4 -18 -2 -18 -32 0 -23 -5 -39 -15 -42 -9
-4 -15 -19 -15 -35 0 -19 -5 -29 -15 -29 -11 0 -15 -11 -15 -36 0 -19 -4 -33
-9 -30 -10 6 -21 -26 -21 -61 0 -14 -6 -23 -15 -23 -8 0 -15 -7 -15 -15 0 -10
-10 -15 -30 -15 -20 0 -30 -5 -30 -15 0 -8 7 -15 15 -15 17 0 20 -16 5 -25 -6
-3 -13 1 -16 9 -9 23 -174 24 -174 1 0 -10 10 -15 30 -15 17 0 30 -4 30 -10 0
-5 -13 -10 -30 -10 -16 0 -30 5 -30 10 0 6 -35 10 -84 10 -65 0 -85 -3 -90
-15 -4 -11 -21 -15 -66 -15 l-60 0 0 45 c0 31 -4 45 -13 45 -9 0 -12 10 -9 30
4 31 21 42 23 15 1 -8 2 -20 3 -27 0 -6 7 -13 14 -15 8 -3 12 6 12 26 0 17 -4
31 -10 31 -5 0 -10 14 -10 30 0 17 4 30 9 30 5 0 11 12 13 27 4 38 25 40 33 3
8 -37 25 -30 25 11 0 18 -5 28 -12 26 -19 -3 -21 48 -4 66 9 9 16 27 16 41 0
16 6 26 15 26 10 0 15 10 15 30 0 20 5 30 15 30 9 0 15 -9 15 -25 0 -16 6 -25
15 -25 10 0 15 10 15 30 0 20 -5 30 -15 30 -11 0 -15 11 -15 40 0 29 -4 40
-15 40 -10 0 -15 -10 -15 -30 0 -20 -5 -30 -15 -30 -10 0 -15 10 -15 30 0 20
5 30 15 30 10 0 15 10 15 30 0 20 5 30 15 30 10 0 15 10 15 30 0 20 5 30 15
30 11 0 15 11 15 40 0 29 4 40 15 40 10 0 15 10 15 30 0 20 5 30 15 30 10 0
15 -10 15 -30 0 -20 5 -30 15 -30 10 0 15 10 15 30 0 18 -6 33 -15 36 -8 4
-15 17 -15 30 0 15 6 24 15 24 10 0 15 -10 15 -31 0 -39 24 -34 28 6 2 15 10
34 18 42 8 8 14 28 14 44 0 19 5 29 15 29 8 0 15 7 15 15 0 8 7 15 15 15 8 0
15 7 15 15 0 13 28 15 189 15 142 0 190 3 194 13 3 8 33 13 86 15 l81 4 0 -31z
m-670 -31 c0 -20 -5 -30 -15 -30 -10 0 -15 -10 -15 -30 0 -20 -5 -30 -15 -30
-11 0 -15 -11 -15 -40 0 -29 -4 -40 -15 -40 -10 0 -15 -10 -15 -30 0 -20 -5
-30 -15 -30 -10 0 -15 -11 -15 -35 0 -24 -5 -35 -15 -35 -11 0 -15 -11 -15
-40 0 -29 -4 -40 -15 -40 -10 0 -15 -10 -15 -30 0 -20 -5 -30 -15 -30 -9 0
-15 -10 -15 -26 0 -14 -7 -32 -15 -40 -8 -9 -15 -28 -15 -44 0 -16 -7 -30 -15
-34 -8 -3 -15 -16 -15 -30 0 -13 -5 -26 -11 -28 -6 -2 -11 -16 -11 -32 0 -15
-6 -30 -13 -32 -7 -3 -15 -23 -19 -45 -3 -21 -10 -39 -15 -39 -5 0 -12 -13
-16 -30 -4 -16 -11 -30 -16 -30 -12 0 -12 -57 1 -62 14 -5 17 -50 3 -55 -9 -3
-13 6 -13 26 0 21 -5 31 -15 31 -10 0 -15 -10 -15 -29 0 -16 -7 -36 -15 -45
-8 -8 -15 -26 -15 -40 0 -16 -6 -26 -15 -26 -10 0 -15 -11 -15 -35 0 -24 -5
-35 -15 -35 -11 0 -15 -11 -15 -40 0 -29 -4 -40 -15 -40 -8 0 -15 -7 -15 -15
0 -8 -7 -15 -15 -15 -11 0 -15 12 -15 45 0 33 4 45 15 45 10 0 15 10 15 30 0
20 5 30 15 30 11 0 15 11 15 40 0 29 4 40 15 40 10 0 15 10 15 30 0 18 6 33
15 36 10 4 15 20 15 45 0 28 4 39 15 39 10 0 15 10 15 30 0 20 5 30 15 30 10
0 15 10 15 30 0 17 4 30 10 30 5 0 13 18 16 39 4 22 13 42 20 45 9 3 14 20 14
45 0 25 5 41 15 45 8 3 15 17 15 31 0 14 4 25 9 25 5 0 12 14 16 30 4 17 11
30 16 30 5 0 9 13 9 29 0 16 7 36 15 45 8 8 15 26 15 41 0 14 7 28 15 31 9 4
15 19 15 35 0 19 5 29 15 29 11 0 15 11 15 40 0 29 4 40 15 40 10 0 15 10 15
30 0 20 5 30 15 30 10 0 15 10 15 30 0 18 6 33 15 36 8 4 15 17 15 30 0 20 5
24 30 24 27 0 30 -3 30 -30z m50 -6 c0 -13 -4 -24 -10 -24 -5 0 -10 14 -10 31
0 17 4 28 10 24 6 -3 10 -17 10 -31z m-2520 -9 c0 -8 -4 -15 -10 -15 -5 0 -10
-7 -10 -15 0 -8 -7 -15 -15 -15 -8 0 -15 -7 -15 -15 0 -8 -6 -15 -14 -15 -8 0
-17 -11 -20 -25 -5 -18 -13 -25 -31 -25 -20 0 -25 5 -25 25 0 16 -6 25 -15 25
-8 0 -15 7 -15 15 0 8 -7 15 -15 15 -10 0 -15 10 -15 30 l0 30 100 0 c82 0
100 -3 100 -15z m2500 -61 c0 -8 -7 -14 -15 -14 -8 0 -15 9 -15 20 0 13 5 18
15 14 8 -4 15 -12 15 -20z m-2700 -29 c0 -8 7 -15 15 -15 11 0 15 -12 15 -45
0 -43 -1 -45 -30 -45 -38 0 -69 32 -62 65 2 14 10 25 17 25 7 0 15 7 19 15 3
8 10 15 16 15 5 0 10 -7 10 -15z m2490 -445 c0 -20 -5 -30 -15 -30 -29 0 -18
50 13 59 1 1 2 -12 2 -29z m-30 -70 c0 -28 -13 -40 -24 -22 -7 12 5 52 15 52
5 0 9 -13 9 -30z m-32 -69 c-1 -22 -5 -38 -10 -35 -12 8 -10 74 2 74 6 0 10
-17 8 -39z m1776 -17 c9 -3 16 -17 16 -30 0 -22 -4 -24 -44 -24 -26 0 -48 -6
-56 -15 -8 -10 -31 -15 -67 -15 -38 0 -55 -4 -59 -15 -5 -11 -22 -15 -65 -15
-46 0 -59 -3 -59 -15 0 -12 -13 -15 -60 -15 -47 0 -60 -3 -60 -15 0 -12 -13
-15 -55 -15 -40 0 -57 -4 -61 -15 -4 -11 -21 -15 -59 -15 -38 0 -55 -4 -59
-15 -4 -11 -21 -15 -60 -15 -39 0 -55 -4 -60 -15 -4 -11 -21 -15 -61 -15 -42
0 -55 -3 -55 -15 0 -10 -10 -15 -29 -15 -16 0 -31 6 -35 15 -3 8 -1 15 4 15 6
0 10 7 10 15 0 8 5 15 10 15 6 0 10 6 10 14 0 7 14 16 31 20 17 3 28 10 24 16
-4 6 8 10 29 10 25 0 36 4 36 15 0 12 16 15 86 15 63 0 89 4 100 15 11 10 36
15 79 15 47 0 64 4 69 15 4 12 24 15 86 15 64 0 80 3 80 15 0 12 15 15 71 15
49 0 75 4 85 15 10 10 35 15 74 15 42 0 59 4 64 15 6 16 16 18 40 9z m-1804
-54 c0 -16 -4 -30 -10 -30 -5 0 -10 14 -10 30 0 17 5 30 10 30 6 0 10 -13 10
-30z m-30 -60 c0 -16 -4 -30 -10 -30 -5 0 -10 14 -10 30 0 17 5 30 10 30 6 0
10 -13 10 -30z m-30 -60 c0 -16 -4 -30 -10 -30 -5 0 -10 14 -10 30 0 17 5 30
10 30 6 0 10 -13 10 -30z m1620 15 c0 -8 -9 -15 -19 -15 -10 0 -21 -7 -25 -15
-3 -8 -16 -15 -29 -15 -14 0 -30 -7 -37 -15 -7 -8 -25 -15 -41 -15 -19 0 -29
-5 -29 -15 0 -12 -15 -15 -71 -15 -39 0 -68 -4 -65 -9 10 -15 -21 -21 -105
-21 -43 0 -79 -4 -79 -9 0 -11 -111 -24 -133 -15 -32 12 -17 22 40 26 31 3 59
10 61 16 2 7 23 12 47 12 25 0 50 6 59 15 9 9 34 15 66 15 36 0 52 4 56 15 5
11 22 15 65 15 46 0 59 3 59 15 0 12 13 15 60 15 47 0 60 3 60 15 0 10 10 15
30 15 20 0 30 -5 30 -15z m-1582 -98 c2 -18 -2 -29 -12 -33 -9 -3 -16 -16 -16
-29 0 -13 -7 -25 -15 -29 -11 -4 -15 2 -15 23 0 16 7 31 15 35 9 3 15 18 15
37 0 38 24 35 28 -4z m-90 -49 c-6 -18 -28 -21 -28 -4 0 9 7 16 16 16 9 0 14
-5 12 -12z m360 -4 c12 -13 27 -15 71 -10 31 4 58 11 59 16 2 6 24 10 48 10
40 0 44 -2 44 -25 0 -14 -4 -25 -10 -25 -5 0 -10 -7 -10 -15 0 -10 -10 -15
-27 -15 -16 0 -41 -7 -57 -15 -15 -8 -52 -15 -81 -15 -34 0 -59 -5 -69 -15
-10 -10 -35 -15 -74 -15 -66 0 -95 -7 -86 -21 3 -5 -27 -9 -66 -9 -54 0 -72
-4 -76 -15 -4 -8 -17 -15 -30 -15 -20 0 -24 5 -24 30 0 18 5 30 13 30 8 0 14
15 15 37 3 40 12 56 19 36 6 -17 150 -18 155 -2 4 11 34 16 128 20 54 2 55 3
25 15 -16 7 -38 13 -47 14 -10 0 -18 5 -18 10 0 17 80 12 98 -6z m-188 -24 c0
-5 -18 -10 -40 -10 -22 0 -40 5 -40 10 0 6 18 10 40 10 22 0 40 -4 40 -10z
m1140 0 c0 -5 -7 -11 -15 -11 -32 -3 -36 -4 -43 -16 -4 -6 -24 -14 -45 -18
-20 -4 -37 -11 -37 -15 0 -5 -13 -11 -30 -15 -16 -4 -30 -11 -30 -16 0 -5 -11
-9 -25 -9 -14 0 -28 -7 -31 -15 -4 -9 -19 -15 -35 -15 -19 0 -29 -5 -29 -15 0
-10 -10 -15 -30 -15 -20 0 -30 -5 -30 -15 0 -10 -10 -15 -29 -15 -16 0 -31 -6
-35 -15 -3 -9 -19 -15 -41 -15 -24 0 -35 -4 -35 -15 0 -10 -10 -15 -30 -15
-20 0 -30 -5 -30 -15 0 -10 -10 -15 -30 -15 -20 0 -30 -5 -30 -15 0 -10 -10
-15 -30 -15 -20 0 -30 -5 -30 -15 0 -10 -10 -15 -29 -15 -16 0 -31 -6 -35 -15
-3 -9 -19 -15 -41 -15 -24 0 -35 -4 -35 -15 0 -10 -10 -15 -34 -15 -19 0 -36
-4 -38 -9 -1 -5 -17 -11 -34 -14 -17 -3 -40 -9 -50 -15 -11 -5 -40 -13 -66
-16 -27 -4 -48 -11 -48 -17 0 -5 -20 -9 -45 -9 -25 0 -45 -5 -45 -11 0 -5 -4
-7 -10 -4 -5 3 -10 1 -10 -4 0 -6 -20 -11 -45 -11 -33 0 -45 4 -45 15 0 10 10
15 30 15 17 0 30 4 30 9 0 5 11 12 25 15 14 4 25 11 25 16 0 6 9 10 19 10 11
0 26 6 33 13 7 8 26 17 41 21 15 3 27 10 27 15 0 5 14 12 30 16 17 4 30 11 30
16 0 5 14 9 30 9 20 0 30 5 30 15 0 10 10 15 30 15 20 0 30 5 30 15 0 9 9 15
25 15 16 0 25 6 25 15 0 10 10 15 30 15 20 0 30 5 30 15 0 10 10 15 30 15 20
0 30 5 30 15 0 10 10 15 30 15 20 0 30 5 30 15 0 10 10 15 30 15 20 0 30 5 30
15 0 8 7 15 15 15 8 0 15 7 15 15 0 8 7 15 15 15 8 0 15 7 15 15 0 9 9 15 24
15 13 0 26 5 28 12 3 7 37 13 91 16 48 2 87 8 87 12 0 6 142 22 193 21 9 0 17
4 17 10 0 5 25 9 55 9 30 0 55 -4 55 -10z m-1345 -30 c3 -5 -1 -10 -9 -10 -9
0 -16 5 -16 10 0 6 4 10 9 10 6 0 13 -4 16 -10z m585 -60 c0 -5 -16 -10 -35
-10 -19 0 -35 5 -35 10 0 6 16 10 35 10 19 0 35 -4 35 -10z m90 1 c0 -5 3 -16
6 -25 4 -12 0 -16 -15 -16 -12 0 -21 -6 -21 -15 0 -10 -10 -15 -30 -15 -19 0
-30 -5 -30 -14 0 -9 -12 -16 -27 -18 -16 -2 -27 -8 -25 -15 1 -8 -9 -13 -28
-13 -18 0 -33 -6 -36 -15 -4 -8 -16 -15 -29 -15 -13 0 -25 -7 -29 -15 -3 -8
-17 -15 -31 -15 -16 0 -25 -6 -25 -15 0 -10 -10 -15 -30 -15 -20 0 -30 -5 -30
-15 0 -10 -10 -15 -30 -15 -20 0 -30 -5 -30 -15 0 -10 -10 -15 -30 -15 -20 0
-30 -5 -30 -15 0 -9 -9 -15 -24 -15 -13 0 -26 -7 -30 -15 -3 -8 -17 -15 -31
-15 -14 0 -25 -4 -25 -9 0 -5 -13 -12 -30 -16 -16 -4 -30 -10 -30 -15 0 -5
-13 -11 -30 -15 -16 -4 -30 -10 -30 -15 0 -5 -13 -11 -30 -15 -16 -4 -30 -10
-30 -15 0 -4 -11 -11 -25 -14 -14 -4 -25 -11 -25 -16 0 -6 -14 -10 -30 -10
-18 0 -33 -6 -36 -15 -4 -10 -20 -15 -45 -15 -28 0 -39 -4 -39 -15 0 -11 -12
-15 -45 -15 -33 0 -45 -4 -45 -15 0 -11 -12 -15 -45 -15 -33 0 -45 4 -45 15 0
10 -10 15 -30 15 -20 0 -30 -5 -30 -15 0 -10 -10 -15 -30 -15 -20 0 -30 -5
-30 -15 0 -10 -10 -15 -30 -15 -20 0 -30 -5 -30 -15 0 -11 -11 -15 -40 -15
-29 0 -40 -4 -40 -15 0 -10 -10 -15 -31 -15 -17 0 -37 -7 -45 -15 -9 -8 -28
-15 -44 -15 -15 0 -30 -6 -33 -13 -8 -20 -117 -23 -117 -3 0 9 -11 16 -27 18
-34 4 -33 22 2 26 14 2 25 10 25 18 0 8 10 14 24 14 14 0 28 5 32 12 4 7 3 8
-4 4 -7 -4 -12 -2 -12 3 0 6 11 11 25 11 16 0 25 6 25 15 0 10 10 15 30 15 20
0 30 5 30 15 0 10 10 15 30 15 20 0 30 5 30 15 0 9 9 15 24 15 13 0 26 7 30
15 3 8 12 15 21 15 8 0 15 7 15 15 0 8 3 14 8 14 25 -4 52 3 52 14 0 7 10 13
22 14 11 1 25 8 29 14 4 7 18 14 30 16 13 2 27 10 32 18 4 9 12 13 18 10 5 -4
9 1 9 9 0 11 9 16 30 16 20 0 30 5 30 15 0 10 10 15 30 15 19 0 30 5 30 14 0
8 11 17 25 20 14 4 25 11 25 16 0 6 9 10 20 10 11 0 20 6 20 14 0 9 12 16 28
18 15 2 26 8 25 16 -2 7 8 12 27 12 20 0 30 5 30 15 0 10 10 15 30 15 20 0 30
-5 30 -15 0 -9 -9 -15 -25 -15 -16 0 -25 -6 -25 -15 0 -8 -7 -15 -16 -15 -8 0
-22 -7 -30 -15 -9 -8 -24 -15 -35 -15 -10 0 -19 -7 -19 -15 0 -9 -9 -15 -25
-15 -16 0 -25 -6 -25 -15 0 -10 -10 -15 -30 -15 -16 0 -30 -4 -30 -9 0 -5 -20
-20 -45 -32 -25 -12 -45 -26 -45 -31 0 -4 -13 -8 -30 -8 -20 0 -30 -5 -30 -15
0 -9 -9 -15 -25 -15 -14 0 -28 -7 -31 -15 -4 -8 -17 -15 -30 -15 -14 0 -24 -6
-24 -14 0 -8 -9 -16 -20 -18 -33 -5 -28 -23 8 -26 24 -2 32 1 32 12 0 11 9 16
30 16 20 0 30 5 30 15 0 8 7 15 15 15 8 0 15 4 15 9 0 5 14 12 30 16 17 4 30
13 30 21 0 9 11 14 30 14 17 0 30 4 30 9 0 5 11 12 25 15 14 4 25 10 25 15 0
5 14 12 30 16 17 4 30 11 30 16 0 5 7 9 15 9 9 0 18 7 21 15 4 8 17 15 30 15
15 0 24 6 24 15 0 10 10 15 30 15 20 0 30 5 30 15 0 10 10 15 34 15 19 0 41 7
49 15 9 9 40 15 83 17 49 2 68 7 66 16 -1 8 15 12 58 12 47 0 60 3 60 15 0 11
12 15 45 15 33 0 45 -4 45 -15 0 -10 10 -15 30 -15 20 0 30 5 30 15 0 10 10
15 30 15 20 0 30 5 30 15 0 9 9 15 24 15 13 0 26 7 30 15 3 9 18 15 35 15 16
0 31 6 35 15 3 9 19 15 41 15 19 0 35 4 35 10 0 5 16 12 35 16 19 3 35 10 35
15 0 5 5 9 10 9 6 0 10 -4 10 -9z m-195 -26 c0 -5 -21 -11 -47 -13 -34 -2 -48
-7 -48 -18 0 -10 -12 -14 -44 -14 -26 0 -48 -6 -56 -15 -8 -10 -31 -15 -72
-15 -43 0 -60 -4 -64 -15 -5 -11 -21 -15 -60 -15 -41 0 -54 -4 -54 -15 0 -12
-13 -15 -60 -15 l-60 0 0 30 0 30 75 0 c60 0 75 3 75 15 0 12 15 15 71 15 49
0 75 4 85 15 10 10 35 15 75 15 32 0 59 4 59 9 0 5 8 12 18 14 29 9 107 3 107
-8z m-447 -413 c2 -7 -7 -12 -22 -12 -27 0 -35 15 -13 23 17 7 30 3 35 -11z
m-1118 -263 c0 -7 -9 -9 -21 -6 -12 3 -19 3 -16 0 6 -6 -24 -43 -35 -43 -5 0
-8 7 -8 15 0 8 7 15 15 15 8 0 15 7 15 15 0 9 9 15 25 15 14 0 25 -5 25 -11z
m65 -28 c3 -5 2 -12 -3 -15 -12 -7 -52 4 -52 15 0 12 47 12 55 0z m-155 -31
c0 -5 -11 -10 -25 -10 -14 0 -25 5 -25 10 0 6 11 10 25 10 14 0 25 -4 25 -10z"/>
<path d="M2918 5693 c-37 -10 -16 -23 37 -24 30 -1 63 -2 72 -3 9 0 18 5 21
12 2 8 -8 12 -35 12 -21 0 -47 2 -58 4 -11 2 -28 2 -37 -1z"/>
<path d="M3077 5663 c-17 -17 -2 -23 58 -23 36 0 65 4 65 9 0 16 -109 29 -123
14z"/>
<path d="M3204 5631 c-13 -13 0 -21 34 -21 20 0 46 -7 56 -15 18 -14 16 -15
-35 -16 -71 -2 -83 0 -92 17 -12 21 -127 20 -127 -1 0 -12 14 -15 65 -15 51 0
65 -3 65 -15 0 -11 11 -15 40 -15 29 0 40 -4 40 -15 0 -10 10 -15 29 -15 50 0
61 -9 61 -51 0 -37 -2 -39 -30 -39 -20 0 -30 -5 -30 -15 0 -8 -6 -15 -14 -15
-8 0 -16 -7 -20 -15 -3 -8 -17 -15 -31 -15 -16 0 -25 -6 -25 -15 0 -9 -9 -15
-24 -15 -13 0 -26 -7 -30 -15 -3 -8 -12 -15 -21 -15 -18 0 -20 -16 -3 -26 6
-4 17 1 24 10 7 10 15 17 18 17 25 -3 36 1 36 14 0 10 10 15 30 15 20 0 30 5
30 15 0 9 9 15 25 15 14 0 28 7 31 15 4 8 12 15 20 15 8 0 14 7 14 15 0 10 10
15 30 15 20 0 30 5 30 15 0 9 9 15 25 15 16 0 25 6 25 15 0 10 10 15 29 15 16
0 31 6 35 15 4 11 21 15 66 15 47 0 60 -3 60 -15 0 -12 14 -15 70 -15 56 0 70
-3 70 -15 0 -12 14 -15 70 -15 51 0 69 -3 68 -12 -2 -9 17 -14 65 -16 37 -2
67 -7 67 -13 0 -6 5 -7 10 -4 6 3 10 1 10 -4 0 -7 24 -11 60 -11 47 0 60 3 60
15 0 12 13 15 60 15 47 0 60 3 60 15 0 12 -15 15 -75 15 -43 0 -75 -4 -75 -10
0 -5 -7 -10 -15 -10 -9 0 -15 9 -15 25 0 25 -1 25 -84 25 -65 0 -85 3 -90 15
-4 12 -23 15 -85 15 -61 0 -80 3 -85 15 -4 11 -23 15 -81 15 -55 0 -74 3 -73
13 4 18 -73 22 -87 4 -6 -8 -22 -17 -35 -19 -14 -2 -24 -9 -22 -16 1 -7 -10
-12 -28 -12 -20 0 -30 -5 -30 -15 0 -10 -10 -15 -30 -15 -20 0 -30 5 -30 15 0
8 -7 15 -15 15 -12 0 -15 13 -15 55 0 53 0 54 -32 59 -35 6 -97 4 -104 -3z"/>
<path d="M2340 5505 c0 -9 -9 -15 -25 -15 -16 0 -25 -6 -25 -15 0 -10 10 -15
30 -15 20 0 30 5 30 15 0 11 11 15 41 15 36 0 39 2 25 15 -8 8 -28 15 -45 15
-21 0 -31 -5 -31 -15z"/>
<path d="M4306 5415 c-4 -11 -20 -15 -56 -15 -52 0 -68 -15 -27 -25 39 -10
112 -2 110 13 -2 9 17 12 72 12 60 0 75 3 75 15 0 12 -16 15 -84 15 -65 0 -85
-3 -90 -15z"/>
<path d="M2956 5355 c4 -8 12 -15 20 -15 8 0 14 7 14 15 0 8 -9 15 -20 15 -13
0 -18 -5 -14 -15z"/>
<path d="M4340 5360 c0 -24 130 -26 138 -2 3 9 -15 12 -67 12 -40 0 -71 -4
-71 -10z"/>
<path d="M3050 5271 c0 -5 -13 -12 -30 -16 -16 -4 -30 -11 -30 -16 0 -5 -7 -9
-15 -9 -8 0 -15 -7 -15 -15 0 -10 -10 -15 -30 -15 -20 0 -30 -5 -30 -15 0 -9
-9 -15 -25 -15 -14 0 -28 -7 -31 -15 -4 -8 -12 -15 -20 -15 -8 0 -14 -7 -14
-15 0 -10 -10 -15 -30 -15 -20 0 -30 -5 -30 -15 0 -9 -9 -15 -25 -15 -16 0
-25 -6 -25 -15 0 -8 -9 -15 -20 -15 -11 0 -20 -7 -20 -15 0 -9 -9 -15 -25 -15
-16 0 -25 -6 -25 -15 0 -8 -9 -15 -20 -15 -11 0 -19 -5 -18 -12 2 -6 -14 -13
-37 -15 -22 -3 -42 -6 -43 -8 -7 -7 10 -45 19 -45 6 0 7 5 4 10 -4 6 7 10 25
10 18 0 33 6 36 15 4 8 12 15 20 15 8 0 14 7 14 15 0 10 10 15 30 15 20 0 30
5 30 15 0 9 9 15 25 15 14 0 28 7 31 15 4 8 12 15 20 15 8 0 14 7 14 15 0 9 9
15 25 15 16 0 25 6 25 15 0 8 8 15 19 15 10 0 24 7 31 15 7 8 19 15 26 15 8 0
14 7 14 15 0 10 10 15 30 15 20 0 30 5 30 15 0 8 8 15 19 15 10 0 24 7 31 15
7 8 19 15 26 15 8 0 14 4 14 9 0 5 11 12 25 15 14 4 25 11 25 16 0 6 -11 10
-25 10 -14 0 -25 -4 -25 -9z"/>
<path d="M2750 5005 c0 -12 15 -15 75 -15 60 0 75 3 75 15 0 12 -15 15 -75 15
-60 0 -75 -3 -75 -15z"/>
<path d="M2930 4981 c0 -6 15 -13 34 -16 47 -9 142 -2 139 10 -4 13 -173 19
-173 6z"/>
<path d="M2470 4919 c0 -5 5 -7 10 -4 6 3 10 8 10 11 0 2 -4 4 -10 4 -5 0 -10
-5 -10 -11z"/>
<path d="M1990 2680 c0 -47 -3 -60 -15 -60 -8 0 -15 -7 -15 -15 0 -10 10 -15
30 -15 l30 0 0 75 c0 60 -3 75 -15 75 -12 0 -15 -13 -15 -60z"/>
<path d="M4044 4268 c3 -13 6 -26 6 -30 0 -10 44 -11 53 -2 9 9 -34 54 -52 54
-9 0 -11 -7 -7 -22z"/>
<path d="M4100 4215 c0 -8 7 -15 15 -15 8 0 15 -7 15 -15 0 -8 7 -15 15 -15 8
0 15 -7 15 -15 0 -10 10 -15 30 -15 20 0 30 -5 30 -15 0 -8 7 -15 15 -15 8 0
15 -7 15 -15 0 -10 10 -15 30 -15 20 0 30 -5 30 -15 0 -9 9 -15 24 -15 13 0
26 -7 30 -15 3 -8 17 -15 31 -15 14 0 25 -4 25 -9 0 -5 14 -12 30 -16 17 -4
30 -11 30 -16 0 -5 9 -9 19 -9 11 0 26 -7 35 -15 8 -8 26 -15 40 -15 16 0 26
-6 26 -15 0 -10 10 -15 30 -15 20 0 30 -5 30 -15 0 -12 13 -15 55 -15 32 0 55
4 55 11 0 5 -4 7 -10 4 -5 -3 -10 -1 -10 4 0 6 -13 11 -30 11 -20 0 -30 5 -30
15 0 10 -10 15 -30 15 -16 0 -30 4 -30 9 0 5 -13 12 -30 16 -16 4 -30 11 -30
15 0 5 -17 12 -37 16 -21 4 -44 13 -51 21 -7 7 -22 13 -33 13 -10 0 -19 4 -19
9 0 5 -13 12 -30 16 -16 4 -30 11 -30 16 0 5 -7 9 -15 9 -9 0 -18 7 -21 15 -4
8 -17 15 -30 15 -14 0 -24 6 -24 14 0 8 -13 17 -30 21 -16 4 -30 11 -30 16 0
5 -7 9 -15 9 -8 0 -15 7 -15 15 0 8 -7 15 -15 15 -8 0 -15 7 -15 15 0 10 -10
15 -30 15 -20 0 -30 -5 -30 -15z"/>
<path d="M5028 3963 c-10 -2 -18 -9 -18 -14 0 -5 -11 -9 -25 -9 -14 0 -28 -7
-31 -15 -4 -9 -19 -15 -35 -15 -19 0 -29 -5 -29 -15 0 -8 -7 -15 -15 -15 -8 0
-15 -7 -15 -15 0 -8 7 -15 15 -15 9 0 18 -7 21 -15 5 -11 22 -15 69 -15 35 0
66 4 69 9 6 10 -26 21 -61 21 -13 0 -23 6 -23 14 0 30 13 46 36 46 15 0 24 6
24 16 0 12 6 15 23 10 12 -3 26 -6 30 -6 5 0 5 -4 2 -10 -3 -5 1 -10 10 -10 8
0 19 -8 22 -17 4 -10 11 -22 17 -26 8 -6 7 -10 -1 -14 -7 -2 -13 -11 -13 -19
0 -9 -11 -14 -31 -14 -52 0 -28 -25 28 -28 45 -3 51 -1 57 20 14 53 6 80 -33
119 -37 37 -53 43 -93 32z"/>
<path d="M1025 3790 c-4 -16 -13 -30 -21 -30 -8 0 -14 -7 -14 -15 0 -11 -11
-15 -40 -15 l-40 0 0 -40 c0 -29 4 -40 15 -40 9 0 15 9 15 24 0 22 5 25 43 28
27 2 41 7 40 16 -2 6 4 12 12 12 8 0 15 7 15 15 0 12 21 15 112 17 80 2 113 7
116 16 2 7 0 12 -5 11 -4 -1 -56 -1 -115 0 -89 1 -108 4 -108 16 0 27 -18 16
-25 -15z"/>
<path d="M940 3610 c0 -20 5 -30 15 -30 10 0 15 10 15 30 0 20 -5 30 -15 30
-10 0 -15 -10 -15 -30z"/>
<path d="M3430 3560 c0 -11 7 -23 15 -26 11 -5 15 -22 15 -65 0 -32 4 -59 10
-59 12 0 19 30 22 108 l3 62 -32 0 c-26 0 -33 -4 -33 -20z"/>
<path d="M3518 3553 c-3 -7 -2 -85 1 -125 0 -10 6 -18 11 -18 6 0 10 32 10 75
0 41 -4 75 -9 75 -6 0 -11 -3 -13 -7z"/>
<path d="M1700 3455 c0 -60 3 -75 15 -75 12 0 15 15 15 75 0 60 -3 75 -15 75
-12 0 -15 -15 -15 -75z"/>
<path d="M3374 3516 c-8 -22 3 -33 18 -18 9 9 9 15 0 24 -9 9 -13 7 -18 -6z"/>
<path d="M3340 3465 c0 -16 -6 -25 -15 -25 -8 0 -15 -7 -15 -15 0 -8 -7 -15
-15 -15 -8 0 -15 -7 -15 -15 0 -8 7 -15 15 -15 8 0 15 7 15 15 0 8 7 15 15 15
8 0 15 7 15 15 0 8 6 15 14 15 14 0 28 34 18 44 -14 15 -32 4 -32 -19z"/>
<path d="M1738 3374 c-3 -5 -6 -46 -7 -91 -2 -69 0 -83 13 -83 13 0 16 -15 16
-85 0 -65 3 -85 14 -85 20 0 22 142 1 163 -10 11 -15 36 -16 84 0 68 -11 115
-21 97z"/>
<path d="M1080 3268 c0 -36 11 -68 21 -62 5 3 9 -9 9 -26 0 -18 6 -33 15 -36
8 -4 15 -17 15 -30 0 -14 7 -27 15 -30 10 -4 15 -20 15 -45 0 -28 4 -39 15
-39 10 0 15 -10 15 -29 0 -16 7 -36 15 -45 8 -8 15 -28 15 -45 0 -21 5 -31 15
-31 11 0 15 -11 15 -40 0 -29 4 -40 15 -40 10 0 15 -10 15 -30 0 -20 5 -30 15
-30 11 0 15 -12 15 -45 0 -33 4 -45 15 -45 10 0 15 -10 15 -30 0 -20 5 -30 15
-30 11 0 15 -11 15 -39 0 -25 5 -41 15 -45 9 -3 15 -18 15 -36 0 -16 4 -30 10
-30 5 0 12 -11 16 -25 3 -14 14 -25 23 -26 92 -4 387 4 389 12 2 5 15 9 28 9
23 0 24 3 24 60 0 63 -14 80 -25 30 l-6 -29 -132 -3 c-152 -3 -177 -21 -36
-26 65 -2 89 -6 86 -15 -5 -15 -207 -11 -221 3 -6 6 -29 10 -53 10 -32 0 -43
4 -43 15 0 8 -7 15 -15 15 -9 0 -15 9 -15 25 0 14 -7 28 -15 31 -8 4 -15 18
-15 33 0 15 -7 36 -15 47 -8 10 -15 31 -15 47 0 17 -5 27 -15 27 -11 0 -15 11
-15 40 0 29 -4 40 -15 40 -11 0 -15 11 -15 40 0 27 -5 43 -15 46 -9 4 -15 19
-15 35 0 19 -5 29 -15 29 -11 0 -15 12 -15 45 0 33 -4 45 -15 45 -10 0 -15 10
-15 34 0 18 -7 39 -15 46 -8 7 -15 25 -15 41 0 19 -5 29 -15 29 -8 0 -15 7
-15 15 0 8 -4 15 -10 15 -5 0 -13 12 -16 27 -4 15 -13 34 -21 41 -7 7 -13 27
-13 43 0 19 -5 29 -15 29 -9 0 -15 -9 -15 -22z"/>
<path d="M3465 3219 c-9 -14 -2 -20 14 -10 8 6 9 11 3 15 -6 3 -14 1 -17 -5z"/>
<path d="M1030 3181 c0 -17 5 -31 10 -31 6 0 10 9 10 20 0 11 0 23 1 27 0 4
-4 9 -10 11 -6 2 -11 -10 -11 -27z"/>
<path d="M4143 3202 c-24 -2 -43 -7 -43 -12 0 -6 -18 -13 -40 -16 -22 -4 -40
-10 -40 -14 0 -4 -9 -10 -20 -13 -30 -8 -24 -27 9 -27 16 0 31 6 35 15 3 8 16
15 30 15 13 0 26 5 28 11 2 6 30 14 61 18 46 5 54 8 40 16 -10 6 -37 9 -60 7z"/>
<path d="M3430 3165 c0 -8 -7 -15 -15 -15 -8 0 -15 -7 -15 -15 0 -10 -10 -15
-30 -15 -16 0 -30 5 -30 10 0 6 -7 10 -15 10 -8 0 -15 7 -15 15 0 10 -10 15
-30 15 -34 0 -40 -15 -9 -23 12 -3 18 -10 14 -16 -3 -6 1 -11 9 -11 10 0 16
-9 16 -24 0 -14 5 -28 12 -32 7 -5 8 -3 3 6 -5 9 -4 11 3 6 15 -9 15 -43 0
-48 -18 -6 -20 -48 -3 -54 19 -8 19 -30 0 -38 -8 -3 -15 -17 -15 -31 0 -21 -5
-25 -30 -25 -20 0 -30 -5 -30 -15 0 -10 10 -15 30 -15 20 0 30 5 30 15 0 10
10 15 30 15 20 0 30 -5 30 -15 0 -8 -7 -15 -15 -15 -8 0 -15 -7 -15 -15 0 -10
-10 -15 -30 -15 -32 0 -40 -14 -14 -24 9 -3 29 -6 45 -6 19 0 29 -5 29 -15 0
-8 7 -15 15 -15 9 0 15 -9 15 -25 0 -16 6 -25 15 -25 8 0 15 -7 15 -15 0 -8 7
-15 15 -15 8 0 15 -7 15 -15 0 -8 7 -15 15 -15 8 0 15 -7 15 -15 0 -8 7 -15
15 -15 22 0 22 -172 -1 -194 -20 -20 -44 -21 -44 -1 0 8 -7 15 -15 15 -8 0
-15 7 -15 15 0 8 -7 15 -15 15 -8 0 -15 7 -15 15 0 8 -7 15 -15 15 -10 0 -15
10 -15 30 0 20 -5 30 -15 30 -8 0 -15 7 -15 15 0 8 -7 15 -15 15 -10 0 -15 10
-15 30 0 20 -5 30 -15 30 -8 0 -15 6 -15 14 0 8 -7 16 -15 20 -10 3 -15 19
-15 46 0 29 4 40 15 40 8 0 15 5 15 10 0 6 -13 10 -30 10 -19 0 -30 -5 -30
-14 0 -8 -6 -17 -12 -19 -9 -4 -10 -8 -2 -14 6 -4 14 -20 18 -35 3 -16 11 -28
16 -28 6 0 10 -7 10 -15 0 -9 7 -18 15 -21 8 -4 15 -17 15 -30 0 -15 6 -24 15
-24 8 0 15 -8 15 -19 0 -10 7 -24 15 -31 8 -7 15 -19 15 -26 0 -8 7 -14 15
-14 8 0 15 -7 15 -15 0 -8 7 -15 15 -15 8 0 15 -7 15 -15 0 -11 -8 -15 -27
-13 -19 2 -28 -2 -31 -14 -2 -11 3 -18 12 -18 9 0 16 -7 16 -15 0 -8 7 -15 15
-15 8 0 15 -4 15 -9 0 -5 12 -12 27 -16 15 -3 37 -17 50 -31 22 -24 73 -34 73
-13 0 5 4 8 9 5 13 -8 23 26 12 37 -7 7 -12 5 -17 -6 -9 -25 -47 -21 -78 8
-15 14 -31 25 -37 25 -5 0 -9 7 -9 15 0 8 7 15 15 15 8 0 15 -4 15 -10 0 -5
11 -10 25 -10 14 0 28 -7 31 -15 13 -32 34 -16 34 25 0 22 5 40 10 40 6 0 10
20 10 45 0 33 4 45 15 45 8 0 15 7 15 15 0 8 7 15 15 15 8 0 15 7 15 15 0 12
13 15 60 15 47 0 60 -3 60 -15 0 -8 7 -15 15 -15 8 0 15 -7 15 -15 0 -8 7 -15
15 -15 10 0 15 -10 15 -30 0 -20 5 -30 15 -30 9 0 15 -9 15 -25 0 -16 6 -25
15 -25 8 0 15 -9 15 -20 0 -11 7 -20 15 -20 9 0 15 9 15 25 0 14 -7 28 -15 31
-8 4 -15 12 -15 20 0 8 -7 14 -15 14 -10 0 -15 10 -15 30 0 20 5 30 15 30 10
0 15 -10 15 -30 0 -20 5 -30 15 -30 8 0 15 -7 15 -15 0 -8 5 -15 10 -15 6 0
10 -12 10 -26 0 -18 6 -28 21 -31 15 -4 19 -12 17 -31 -3 -29 -28 -43 -28 -15
0 10 -5 25 -10 33 -9 13 -11 13 -20 0 -6 -8 -8 -27 -6 -42 4 -20 1 -28 -9 -28
-8 0 -15 5 -15 10 0 6 -35 10 -85 10 -47 0 -85 -4 -85 -9 0 -5 15 -9 33 -8 18
0 48 -7 66 -16 43 -22 117 -23 125 -2 3 9 18 15 36 15 16 0 30 5 30 10 0 6 11
10 25 10 14 0 28 7 31 15 4 8 17 15 30 15 15 0 24 6 24 15 0 8 7 15 15 15 8 0
15 7 15 15 0 8 7 15 15 15 8 0 15 7 15 15 0 8 7 15 15 15 8 0 15 7 15 15 0 8
7 15 15 15 10 0 15 10 15 30 0 20 5 30 15 30 8 0 15 7 15 15 0 8 7 15 15 15 8
0 15 7 15 15 0 8 7 15 15 15 10 0 15 10 15 30 0 20 5 30 15 30 16 0 19 28 9
68 -7 24 -24 30 -24 8 0 -28 -30 -46 -76 -46 -32 0 -44 4 -44 15 0 11 -12 15
-45 15 -33 0 -45 -4 -45 -15 0 -11 12 -15 45 -15 33 0 45 -4 45 -15 0 -9 9
-15 24 -15 60 0 74 -34 31 -74 -14 -13 -25 -28 -25 -35 0 -6 -7 -11 -15 -11
-8 0 -15 -7 -15 -15 0 -8 -7 -15 -15 -15 -8 0 -15 -4 -15 -9 0 -5 -10 -13 -21
-16 -12 -4 -35 -20 -50 -36 -16 -16 -33 -29 -39 -29 -5 0 -10 -7 -10 -15 0 -8
-7 -15 -15 -15 -8 0 -15 -4 -15 -10 0 -5 -7 -10 -16 -10 -8 0 -12 5 -9 10 3 6
0 10 -9 10 -8 0 -17 13 -21 30 -4 17 -10 30 -15 30 -5 0 -11 14 -15 30 -4 17
-11 28 -16 24 -5 -3 -9 4 -9 15 0 12 -7 21 -15 21 -10 0 -15 10 -15 30 0 20
-5 30 -15 30 -10 0 -15 -10 -15 -30 0 -20 -5 -30 -15 -30 -11 0 -15 12 -15 45
0 44 5 50 38 46 7 -1 15 5 18 14 3 8 12 15 20 15 8 0 14 7 14 15 0 8 4 15 10
15 5 0 23 14 40 30 17 17 37 30 45 30 8 0 15 5 15 10 0 6 14 10 30 10 37 0 40
-18 3 -22 -48 -5 -39 -28 10 -28 26 0 47 5 49 12 3 7 22 12 43 12 21 0 40 -5
43 -12 4 -14 92 -17 92 -3 0 10 -34 21 -67 21 -12 0 -23 5 -25 10 -2 6 -27 11
-56 11 -35 1 -55 6 -59 15 -3 8 -11 14 -19 14 -8 0 -14 8 -14 18 0 14 -2 15
-9 3 -8 -12 -11 -9 -16 12 -4 15 -14 27 -22 27 -12 0 -14 -7 -8 -27 3 -16 11
-29 16 -31 20 -8 8 -32 -16 -32 -14 0 -25 -4 -25 -10 0 -5 -7 -10 -15 -10 -8
0 -15 -7 -15 -15 0 -8 -7 -15 -15 -15 -20 0 -20 47 1 67 18 18 16 94 -3 101
-9 2 -13 -9 -13 -37 0 -28 -5 -44 -15 -47 -8 -4 -15 -17 -15 -30 0 -15 -6 -24
-15 -24 -8 0 -15 -7 -15 -15 0 -8 -7 -15 -15 -15 -8 0 -15 -7 -15 -15 0 -11
-11 -15 -37 -15 -71 0 -173 -13 -173 -21 0 -5 27 -9 60 -9 47 0 60 -3 60 -15
0 -11 -11 -15 -39 -15 -25 0 -41 -5 -45 -15 -3 -9 -18 -15 -36 -15 -26 0 -30
-4 -31 -27 0 -16 -4 -37 -9 -48 -8 -19 -9 -18 -11 5 -6 83 -3 115 12 128 21
18 13 49 -13 58 -27 8 -58 40 -58 59 0 9 -7 18 -15 21 -8 4 -15 13 -15 20 0 8
-7 17 -15 20 -10 4 -15 20 -15 45 0 28 -4 39 -15 39 -12 0 -15 15 -15 71 0 49
4 75 15 85 8 9 15 28 15 44 0 16 7 30 15 34 8 3 15 12 15 21 0 8 -7 15 -15 15
-8 0 -15 -7 -15 -15z m0 -385 c0 -5 7 -10 15 -10 8 0 15 -7 15 -15 0 -8 7 -15
15 -15 8 0 15 -9 15 -19 0 -11 5 -21 12 -23 6 -2 8 -9 5 -15 -10 -16 -45 -4
-52 18 -4 10 -11 19 -16 19 -5 0 -9 9 -9 20 0 11 -7 20 -15 20 -8 0 -15 7 -15
15 0 8 7 15 15 15 8 0 15 -4 15 -10z"/>
<path d="M1062 3126 c-9 -20 -9 -33 -3 -39 16 -16 23 -3 19 35 l-4 33 -12 -29z"/>
<path d="M4086 3105 c-8 -8 -28 -15 -45 -15 -17 0 -31 -5 -31 -10 0 -6 -11
-16 -25 -22 -14 -6 -25 -15 -25 -20 0 -4 11 -8 25 -8 16 0 25 6 25 15 0 10 10
15 34 15 21 0 36 6 40 15 4 10 20 15 50 15 46 0 68 13 40 24 -28 11 -72 6 -88
-9z"/>
<path d="M4340 2936 c0 -168 13 -215 23 -83 4 45 11 83 17 85 14 5 13 29 -2
34 -6 2 -13 24 -14 49 -2 65 -3 69 -14 69 -6 0 -10 -58 -10 -154z"/>
<path d="M3907 3063 c-14 -13 -7 -63 8 -63 9 0 15 9 15 23 0 26 -14 50 -23 40z"/>
<path d="M1085 3033 c3 -16 11 -29 16 -31 5 -2 9 -16 9 -32 0 -16 7 -30 15
-34 12 -4 15 3 15 29 0 24 -5 35 -15 35 -10 0 -15 10 -15 30 0 21 -5 30 -16
30 -13 0 -15 -6 -9 -27z"/>
<path d="M1790 2932 c0 -54 3 -69 15 -69 12 0 15 15 15 69 0 54 -3 68 -15 68
-12 0 -15 -14 -15 -68z"/>
<path d="M3956 2984 c-8 -20 -8 -72 0 -101 12 -45 24 -22 24 47 0 66 -10 90
-24 54z"/>
<path d="M1140 2885 c0 -24 5 -35 15 -35 10 0 15 -10 15 -30 0 -20 5 -30 15
-30 11 0 15 -11 15 -40 0 -29 4 -40 15 -40 11 0 15 11 15 40 0 29 -4 40 -15
40 -10 0 -15 10 -15 30 0 20 -5 30 -15 30 -10 0 -15 11 -15 35 0 24 -5 35 -15
35 -10 0 -15 -11 -15 -35z"/>
<path d="M1827 2844 c-4 -4 -7 -45 -7 -91 0 -61 3 -82 13 -80 8 1 13 -19 15
-70 3 -72 14 -94 26 -50 10 38 -5 127 -21 127 -11 0 -13 11 -9 53 6 55 -4 124
-17 111z"/>
<path d="M1850 2509 c0 -5 5 -7 10 -4 6 3 10 8 10 11 0 2 -4 4 -10 4 -5 0 -10
-5 -10 -11z"/>
<path d="M3550 2285 c0 -11 12 -15 45 -15 33 0 45 -4 45 -15 0 -12 14 -15 70
-15 56 0 70 3 70 15 0 12 -14 15 -70 15 -56 0 -70 3 -70 15 0 11 -12 15 -45
15 -33 0 -45 -4 -45 -15z"/>
<path d="M6300 1870 c0 -29 -4 -40 -15 -40 -10 0 -15 -10 -15 -30 0 -20 -5
-30 -15 -30 -10 0 -15 -10 -15 -30 0 -20 5 -30 15 -30 10 0 15 10 15 30 0 20
5 30 15 30 10 0 15 10 15 30 0 20 5 30 15 30 11 0 15 11 15 40 0 29 -4 40 -15
40 -11 0 -15 -11 -15 -40z"/>
<path d="M6210 1535 c0 -16 6 -25 15 -25 9 0 15 9 15 25 0 16 -6 25 -15 25 -9
0 -15 -9 -15 -25z"/>
<path d="M6180 1475 c0 -16 6 -25 15 -25 9 0 15 9 15 25 0 16 -6 25 -15 25 -9
0 -15 -9 -15 -25z"/>
<path d="M6120 1330 c0 -20 5 -30 15 -30 10 0 15 10 15 30 0 20 -5 30 -15 30
-10 0 -15 -10 -15 -30z"/>
<path d="M6150 845 c0 -10 -10 -15 -29 -15 -16 0 -31 -6 -35 -15 -3 -8 -15
-15 -26 -15 -12 0 -28 -7 -36 -15 -9 -8 -24 -15 -35 -15 -11 0 -17 -5 -14 -10
4 -6 -7 -13 -24 -16 -17 -4 -31 -10 -31 -14 0 -5 -13 -11 -30 -15 -16 -4 -30
-10 -30 -15 0 -5 -13 -11 -30 -15 -16 -4 -30 -10 -30 -15 0 -5 -13 -11 -30
-15 -16 -4 -30 -11 -30 -16 0 -5 -11 -9 -25 -9 -14 0 -28 -7 -31 -15 -4 -8
-17 -15 -30 -15 -15 0 -24 -6 -24 -15 0 -10 -10 -15 -30 -15 -20 0 -30 -5 -30
-15 0 -10 -10 -15 -30 -15 -20 0 -30 -5 -30 -15 0 -10 -10 -15 -30 -15 -20 0
-30 -5 -30 -15 0 -11 11 -15 40 -15 27 0 43 5 46 15 4 8 17 15 30 15 15 0 24
6 24 15 0 10 10 15 30 15 20 0 30 5 30 15 0 10 10 15 30 15 20 0 30 5 30 15 0
10 10 15 29 15 16 0 31 6 35 15 3 8 12 15 21 15 8 0 15 4 15 10 0 5 11 12 25
16 14 3 25 10 25 15 0 5 14 9 30 9 20 0 30 5 30 15 0 10 10 15 30 15 20 0 30
5 30 15 0 10 10 15 30 15 20 0 30 5 30 15 0 9 9 15 25 15 14 0 28 7 31 15 4 8
17 15 30 15 14 0 27 7 30 15 4 8 17 15 30 15 15 0 24 6 24 15 0 10 -10 15 -30
15 -20 0 -30 -5 -30 -15z"/>
<path d="M5180 495 c0 -9 -9 -15 -25 -15 -16 0 -25 -6 -25 -15 0 -10 -10 -15
-30 -15 -20 0 -30 -5 -30 -15 0 -10 -10 -15 -30 -15 -20 0 -30 -5 -30 -15 0
-8 -9 -15 -19 -15 -10 0 -21 -7 -25 -15 -3 -8 -15 -15 -26 -15 -11 0 -20 -7
-20 -15 0 -9 9 -15 25 -15 14 0 28 7 31 15 4 9 19 15 35 15 19 0 29 5 29 15 0
8 7 15 15 15 8 0 15 7 15 15 0 10 10 15 30 15 20 0 30 5 30 15 0 10 10 15 30
15 20 0 30 5 30 15 0 9 9 15 25 15 16 0 25 6 25 15 0 10 -10 15 -30 15 -20 0
-30 -5 -30 -15z"/>
</g>
</svg>
